{
  "camera_angle_x": 1.2742469051652476,
  "camera_angle_y": 1.273406721144504,
  "fl_x": 675.6006138345974,
  "fl_y": 676.1944873672975,
  "k1": -0.09190884627813282,
  "k2": 0.0023395274798996505,
  "k3": 0,
  "k4": 0,
  "p1": -0.0006918239397101629,
  "p2": 0.0002588640189483222,
  "is_fisheye": false,
  "cx": 513.9564405420459,
  "cy": 499.4480350768455,
  "w": 1000.0,
  "h": 1000.0,
  "aabb_scale": 32,
  "frames": [
    {
      "file_path": "./datasets/castle/images/building63.png",
      "sharpness": 159.030094,
      "transform_matrix": [
        [
          0.3800548642789225,
          -0.46239908502861354,
          0.801090123734202,
          3.190557725938047
        ],
        [
          0.8524359305178916,
          0.5112798192308501,
          -0.109297441917601,
          -0.42710916083034245
        ],
        [
          -0.35904217651177533,
          0.7244170295080847,
          0.5884799766233205,
          2.351024359919389
        ],
        [
          0.0,
          0.0,
          0.0,
          1.0
        ]
      ]
    },
    {
      "file_path": "./datasets/castle/images/building64.png",
      "sharpness": 160.130818,
      "transform_matrix": [
        [
          0.3347058438618307,
          -0.4519396788455101,
          0.8268751567265794,
          3.2902584674306135
        ],
        [
          0.8828425874741186,
          0.4572087088985501,
          -0.10746702866316489,
          -0.41816667925754974
        ],
        [
          -0.3294859084067337,
          0.7659704453985889,
          0.5520220221870598,
          2.20581028430586
        ],
        [
          0.0,
          0.0,
          0.0,
          1.0
        ]
      ]
    },
    {
      "file_path": "./datasets/castle/images/building59.png",
      "sharpness": 167.159554,
      "transform_matrix": [
        [
          0.5590236779025182,
          -0.44525634515058743,
          0.6994564423102635,
          2.786000491946708
        ],
        [
          0.6961315394706465,
          0.7103121426276586,
          -0.10419951914619405,
          -0.4021782803054144
        ],
        [
          -0.45043690715063955,
          0.5451636884068843,
          0.7070382914392838,
          2.8230626566374166
        ],
        [
          0.0,
          0.0,
          0.0,
          1.0
        ]
      ]
    },
    {
      "file_path": "./datasets/castle/images/building58.png",
      "sharpness": 172.731146,
      "transform_matrix": [
        [
          0.5951386410033725,
          -0.43396983026945213,
          0.6763728146831526,
          2.695896016586243
        ],
        [
          0.6501768333137649,
          0.7546842775084872,
          -0.08787335605257698,
          -0.33796396845274257
        ],
        [
          -0.47231354356419264,
          0.4920587644917461,
          0.7312989053013176,
          2.919865694218898
        ],
        [
          0.0,
          0.0,
          0.0,
          1.0
        ]
      ]
    },
    {
      "file_path": "./datasets/castle/images/building56.png",
      "sharpness": 177.871712,
      "transform_matrix": [
        [
          0.6671494965897186,
          -0.39778624956393593,
          0.6298235061505654,
          2.5116184587888046
        ],
        [
          0.5503364508165679,
          0.8330060980375933,
          -0.05683864473377308,
          -0.2106839106559063
        ],
        [
          -0.5020371899918941,
          0.38453470623672764,
          0.7746558717305962,
          3.0919469182937007
        ],
        [
          0.0,
          0.0,
          0.0,
          1.0
        ]
      ]
    },
    {
      "file_path": "./datasets/castle/images/building57.png",
      "sharpness": 178.218422,
      "transform_matrix": [
        [
          0.6330098676909302,
          -0.4165553638782787,
          0.6525183033999845,
          2.6015420653874752
        ],
        [
          0.6014650393342245,
          0.7952968827652115,
          -0.07578043760089208,
          -0.2873620069702996
        ],
        [
          -0.48737902488155727,
          0.4404367118000747,
          0.7539742628541468,
          3.0096547208074442
        ],
        [
          0.0,
          0.0,
          0.0,
          1.0
        ]
      ]
    },
    {
      "file_path": "./datasets/castle/images/building54.png",
      "sharpness": 178.40968,
      "transform_matrix": [
        [
          0.7269004472105752,
          -0.34848480251005026,
          0.5917550864221154,
          2.3595354553727703
        ],
        [
          0.441031092362323,
          0.897393589648304,
          -0.013278585323472663,
          -0.035328612525499486
        ],
        [
          -0.526409836012921,
          0.2706346017856627,
          0.8060084347619316,
          3.21197688356844
        ],
        [
          0.0,
          0.0,
          0.0,
          1.0
        ]
      ]
    },
    {
      "file_path": "./datasets/castle/images/building6.png",
      "sharpness": 83.980478,
      "transform_matrix": [
        [
          0.6903974852406813,
          0.43232309422914045,
          0.5800414249097501,
          2.3398925525712846
        ],
        [
          0.5194086158177916,
          0.2618727488036233,
          -0.8134109375024692,
          -3.264021839194963
        ],
        [
          -0.50355337574198,
          0.8628553793483223,
          -0.04375605273253631,
          -0.18388841677914078
        ],
        [
          0.0,
          0.0,
          0.0,
          1.0
        ]
      ]
    },
    {
      "file_path": "./datasets/castle/images/building53.png",
      "sharpness": 191.377836,
      "transform_matrix": [
        [
          0.752841941287727,
          -0.3198523590519274,
          0.575259489177616,
          2.2954028035265166
        ],
        [
          0.38378037338087984,
          0.923357127984583,
          0.011146264309640821,
          0.06422926612433942
        ],
        [
          -0.5347351087069767,
          0.2123819262865037,
          0.8178950305174778,
          3.2598720874112668
        ],
        [
          0.0,
          0.0,
          0.0,
          1.0
        ]
      ]
    },
    {
      "file_path": "./datasets/castle/images/building55.png",
      "sharpness": 175.129282,
      "transform_matrix": [
        [
          0.6980370822297834,
          -0.3752116367893197,
          0.6098856118091806,
          2.4325202921624887
        ],
        [
          0.49650964772287526,
          0.8673384229828646,
          -0.034673184683114304,
          -0.12226144485230561
        ],
        [
          -0.5159674423688646,
          0.327017258938442,
          0.7917305796885291,
          3.1581960717526782
        ],
        [
          0.0,
          0.0,
          0.0,
          1.0
        ]
      ]
    },
    {
      "file_path": "./datasets/castle/images/building52.png",
      "sharpness": 188.317808,
      "transform_matrix": [
        [
          0.7740696240707906,
          -0.28645312786827576,
          0.5645890741656575,
          2.249862466495741
        ],
        [
          0.323574670388402,
          0.9455141077242978,
          0.03609023105672038,
          0.16554954475742806
        ],
        [
          -0.5441650942623152,
          0.1547503719913422,
          0.8245827263514806,
          3.284226158590076
        ],
        [
          0.0,
          0.0,
          0.0,
          1.0
        ]
      ]
    },
    {
      "file_path": "./datasets/castle/images/building51.png",
      "sharpness": 188.197598,
      "transform_matrix": [
        [
          0.796823717723382,
          -0.2584435765357164,
          0.5461491377478898,
          2.183082194366017
        ],
        [
          0.26514014727384994,
          0.9617883315106185,
          0.0682928083621337,
          0.29402632871701584
        ],
        [
          -0.5429297055952838,
          0.09038873336307585,
          0.8348995219219202,
          3.324876392112083
        ],
        [
          0.0,
          0.0,
          0.0,
          1.0
        ]
      ]
    },
    {
      "file_path": "./datasets/castle/images/building50.png",
      "sharpness": 204.518526,
      "transform_matrix": [
        [
          0.8145481070768608,
          -0.2251709830499774,
          0.5346114567530871,
          2.1388865066685354
        ],
        [
          0.20438292431551344,
          0.973893567187185,
          0.09878734757054876,
          0.4164189300408685
        ],
        [
          -0.5428987028417616,
          0.0287984059370383,
          0.8393042656334064,
          3.3405903820624925
        ],
        [
          0.0,
          0.0,
          0.0,
          1.0
        ]
      ]
    },
    {
      "file_path": "./datasets/castle/images/building49.png",
      "sharpness": 207.04039,
      "transform_matrix": [
        [
          -0.81680769578861,
          0.18315624037030362,
          0.5470639631302407,
          2.1822515750105387
        ],
        [
          -0.13202828719488366,
          -0.9824454643527459,
          0.1317931749123147,
          0.4920274267115048
        ],
        [
          0.561599251711548,
          0.03542176148266242,
          0.8266508206810832,
          3.3035515074997313
        ],
        [
          0.0,
          0.0,
          0.0,
          1.0
        ]
      ]
    },
    {
      "file_path": "./datasets/castle/images/building48.png",
      "sharpness": 199.32183,
      "transform_matrix": [
        [
          -0.8241411165042363,
          0.14576307770825228,
          0.5473066282313938,
          2.1802457195722256
        ],
        [
          -0.0680367266590495,
          -0.9847973575594973,
          0.1598285593056479,
          0.605908894393739
        ],
        [
          0.5622832239671418,
          0.09448433585175489,
          0.8215292364645239,
          3.2855921126861736
        ],
        [
          0.0,
          0.0,
          0.0,
          1.0
        ]
      ]
    },
    {
      "file_path": "./datasets/castle/images/building46.png",
      "sharpness": 193.942992,
      "transform_matrix": [
        [
          -0.8303756591691392,
          0.07393231171820296,
          0.5522773560316122,
          2.1947254154261766
        ],
        [
          0.059824204018514716,
          -0.9735998529427937,
          0.22028252532529027,
          0.8491461265891985
        ],
        [
          0.5539831489444348,
          0.21595680039247156,
          0.8040306779545594,
          3.216776812999092
        ],
        [
          0.0,
          0.0,
          0.0,
          1.0
        ]
      ]
    },
    {
      "file_path": "./datasets/castle/images/building47.png",
      "sharpness": 198.712272,
      "transform_matrix": [
        [
          -0.8293694104558335,
          0.11028835296069878,
          0.5477069108959718,
          2.1803536278729223
        ],
        [
          -0.004241772787093898,
          -0.9815374551028637,
          0.1912229891884918,
          0.7326805371628436
        ],
        [
          0.5586845159889037,
          0.15627124953891988,
          0.8145249586133032,
          3.259003124774447
        ],
        [
          0.0,
          0.0,
          0.0,
          1.0
        ]
      ]
    },
    {
      "file_path": "./datasets/castle/images/building44.png",
      "sharpness": 184.713684,
      "transform_matrix": [
        [
          -0.827163108260185,
          0.005731774231109197,
          0.5619326820352786,
          2.2319314231998155
        ],
        [
          0.18380109162589164,
          -0.9421914299429724,
          0.28016507287581904,
          1.0908127226305282
        ],
        [
          0.5310540001636751,
          0.33502605288425297,
          0.7782924854071065,
          3.115248873440067
        ],
        [
          0.0,
          0.0,
          0.0,
          1.0
        ]
      ]
    },
    {
      "file_path": "./datasets/castle/images/building45.png",
      "sharpness": 189.563128,
      "transform_matrix": [
        [
          -0.8275048519435684,
          0.03934557709164324,
          0.56007824954646,
          2.2232810871267463
        ],
        [
          0.12319102471659024,
          -0.960510041490791,
          0.2494883396573897,
          0.9681884911376042
        ],
        [
          0.5477770454114158,
          0.2754494250529375,
          0.7899796977141627,
          3.1624860171481175
        ],
        [
          0.0,
          0.0,
          0.0,
          1.0
        ]
      ]
    },
    {
      "file_path": "./datasets/castle/images/building43.png",
      "sharpness": 179.29944,
      "transform_matrix": [
        [
          -0.8171384882035767,
          -0.02756277455289909,
          0.5757820634555816,
          2.2873122370449077
        ],
        [
          0.24652888696785943,
          -0.9196091960331334,
          0.3058470769225167,
          1.1967740677772722
        ],
        [
          0.5210644864358075,
          0.3918663292977103,
          0.7582430883168937,
          3.039849277415808
        ],
        [
          0.0,
          0.0,
          0.0,
          1.0
        ]
      ]
    },
    {
      "file_path": "./datasets/castle/images/building5.png",
      "sharpness": 89.90392,
      "transform_matrix": [
        [
          0.7194008829376044,
          0.45802064181269736,
          0.522187189946219,
          2.108283743028725
        ],
        [
          0.46511751093557807,
          0.2406973617546003,
          -0.8518981635535042,
          -3.420210679565705
        ],
        [
          -0.5158760225919372,
          0.855734697063544,
          -0.03987552631002631,
          -0.16800591114906585
        ],
        [
          0.0,
          0.0,
          0.0,
          1.0
        ]
      ]
    },
    {
      "file_path": "./datasets/castle/images/building41.png",
      "sharpness": 172.550812,
      "transform_matrix": [
        [
          -0.7974191576065313,
          -0.08952921245905,
          0.5967471887159593,
          2.3715323696399992
        ],
        [
          0.364067374891905,
          -0.8600435238938194,
          0.35746340169027596,
          1.4046585635543023
        ],
        [
          0.4812251382207402,
          0.5023043471209685,
          0.7184098476844684,
          2.878474700826935
        ],
        [
          0.0,
          0.0,
          0.0,
          1.0
        ]
      ]
    },
    {
      "file_path": "./datasets/castle/images/building42.png",
      "sharpness": 178.615184,
      "transform_matrix": [
        [
          -0.8093912724710589,
          -0.060436724982788424,
          0.5841516672602098,
          2.320424330245346
        ],
        [
          0.305658867458738,
          -0.8926968475701109,
          0.3311570550095424,
          1.2999194813879307
        ],
        [
          0.5014563040062919,
          0.44658676718083135,
          0.7410140582968295,
          2.9693035656762627
        ],
        [
          0.0,
          0.0,
          0.0,
          1.0
        ]
      ]
    },
    {
      "file_path": "./datasets/castle/images/building39.png",
      "sharpness": 164.527546,
      "transform_matrix": [
        [
          -0.7638681991955745,
          -0.1487573114440355,
          0.6279941373862505,
          2.4975805207823814
        ],
        [
          0.47647218381699274,
          -0.7863120407070473,
          0.3933034867480196,
          1.5512843933346288
        ],
        [
          0.43529258245004415,
          0.5996537642242455,
          0.6715174835831739,
          2.689536136431491
        ],
        [
          0.0,
          0.0,
          0.0,
          1.0
        ]
      ]
    },
    {
      "file_path": "./datasets/castle/images/building40.png",
      "sharpness": 165.462436,
      "transform_matrix": [
        [
          -0.7823982044410215,
          -0.1206542161591009,
          0.6109792221118053,
          2.4293076668160345
        ],
        [
          0.42132920402586094,
          -0.8250089748861306,
          0.3766190292492344,
          1.4826376258371095
        ],
        [
          0.45862266794651824,
          0.5520894415716283,
          0.6963206854553144,
          2.7893209953512135
        ],
        [
          0.0,
          0.0,
          0.0,
          1.0
        ]
      ]
    },
    {
      "file_path": "./datasets/castle/images/building38.png",
      "sharpness": 169.108906,
      "transform_matrix": [
        [
          -0.7410728631309815,
          -0.17204565728350263,
          0.6490079378425087,
          2.5818307552874056
        ],
        [
          0.5301795833822232,
          -0.7430383877325998,
          0.40841592001384613,
          1.6132972346783996
        ],
        [
          0.41197162635632845,
          0.6467567132900318,
          0.6418606803145142,
          2.5722535383305805
        ],
        [
          0.0,
          0.0,
          0.0,
          1.0
        ]
      ]
    },
    {
      "file_path": "./datasets/castle/images/building4.png",
      "sharpness": 89.337904,
      "transform_matrix": [
        [
          0.7480603517631218,
          0.47726764514849845,
          0.4611087778998463,
          1.8626294329052666
        ],
        [
          0.4075084948038934,
          0.21804334703161754,
          -0.8867885460910512,
          -3.558887607360927
        ],
        [
          -0.5237771824164779,
          0.8512770957512084,
          -0.031381036812982856,
          -0.1355817488648276
        ],
        [
          0.0,
          0.0,
          0.0,
          1.0
        ]
      ]
    },
    {
      "file_path": "./datasets/castle/images/building37.png",
      "sharpness": 175.437872,
      "transform_matrix": [
        [
          -0.7158526455166139,
          -0.19435628088343979,
          0.6706568616139486,
          2.6702644663257598
        ],
        [
          0.5815641631030105,
          -0.6975292573602764,
          0.4186120630381801,
          1.6560677758485673
        ],
        [
          0.3864428989201064,
          0.6896945492248563,
          0.6123588120423846,
          2.455223747629055
        ],
        [
          0.0,
          0.0,
          0.0,
          1.0
        ]
      ]
    },
    {
      "file_path": "./datasets/castle/images/building35.png",
      "sharpness": 180.570086,
      "transform_matrix": [
        [
          -0.6524723198931274,
          -0.22956165262953715,
          0.7222058705501667,
          2.874358285787152
        ],
        [
          0.6795235806175453,
          -0.5990906883257522,
          0.4234832352602076,
          1.6788394671605258
        ],
        [
          0.33545130075356205,
          0.7670670080453357,
          0.5468826474055783,
          2.192442267522347
        ],
        [
          0.0,
          0.0,
          0.0,
          1.0
        ]
      ]
    },
    {
      "file_path": "./datasets/castle/images/building34.png",
      "sharpness": 185.424014,
      "transform_matrix": [
        [
          -0.6160042520454737,
          -0.24139555183820569,
          0.7498446166083164,
          2.984233543322144
        ],
        [
          0.7247432924068715,
          -0.5466781689936208,
          0.4193925841707214,
          1.6656138333665584
        ],
        [
          0.30868417774441537,
          0.8017924713597834,
          0.5117058836120995,
          2.0520098493190115
        ],
        [
          0.0,
          0.0,
          0.0,
          1.0
        ]
      ]
    },
    {
      "file_path": "./datasets/castle/images/building19.png",
      "sharpness": 119.429744,
      "transform_matrix": [
        [
          0.0997589300711138,
          -0.026564698862590795,
          0.9946569623177908,
          3.977191228706566
        ],
        [
          0.9757767258227422,
          0.1982178258645531,
          -0.09257145808803174,
          -0.3668921999630631
        ],
        [
          -0.19469960764429367,
          0.9797979436212337,
          0.04569521310787619,
          0.18389869051880708
        ],
        [
          0.0,
          0.0,
          0.0,
          1.0
        ]
      ]
    },
    {
      "file_path": "./datasets/castle/images/building18.png",
      "sharpness": 115.500424,
      "transform_matrix": [
        [
          0.1520945500066727,
          0.012096074842891496,
          0.9882919269494773,
          3.9512668154689803
        ],
        [
          0.9622804733906256,
          0.22639965809834883,
          -0.15086247162375957,
          -0.5986821320804112
        ],
        [
          -0.2255737981104646,
          0.9739593830475869,
          0.022794337494146846,
          0.09254765088927534
        ],
        [
          0.0,
          0.0,
          0.0,
          1.0
        ]
      ]
    },
    {
      "file_path": "./datasets/castle/images/building14.png",
      "sharpness": 108.661044,
      "transform_matrix": [
        [
          0.3607762544249587,
          0.16210850362619658,
          0.9184559474122976,
          3.6851208657593557
        ],
        [
          0.8672209060107392,
          0.304045254694835,
          -0.39431508121783915,
          -1.5741579919831412
        ],
        [
          -0.3431740002304241,
          0.9387637169108901,
          -0.030891575222270172,
          -0.12591266303293303
        ],
        [
          0.0,
          0.0,
          0.0,
          1.0
        ]
      ]
    },
    {
      "file_path": "./datasets/castle/images/building17.png",
      "sharpness": 112.843314,
      "transform_matrix": [
        [
          0.20093076521815598,
          0.048757027307755184,
          0.9783913224874828,
          3.9152676183178166
        ],
        [
          0.9454215729812727,
          0.25188891613671693,
          -0.20671241682456198,
          -0.8242155776825192
        ],
        [
          -0.2565246127309083,
          0.9665271471899973,
          0.004516287218133851,
          0.018711170035684257
        ],
        [
          0.0,
          0.0,
          0.0,
          1.0
        ]
      ]
    },
    {
      "file_path": "./datasets/castle/images/building2.png",
      "sharpness": 91.705974,
      "transform_matrix": [
        [
          0.792186704886354,
          0.5106392875873375,
          0.3341971612917221,
          1.3528880883761574
        ],
        [
          0.2907481177731922,
          0.16567963456548235,
          -0.9423458975885445,
          -3.7846627324856326
        ],
        [
          -0.5365685013610983,
          0.8436810870845547,
          -0.01721820795385727,
          -0.0796905609428902
        ],
        [
          0.0,
          0.0,
          0.0,
          1.0
        ]
      ]
    },
    {
      "file_path": "./datasets/castle/images/building16.png",
      "sharpness": 112.125158,
      "transform_matrix": [
        [
          0.25728516500863713,
          0.08281183166369276,
          0.9627806315276763,
          3.85940774814214
        ],
        [
          0.9230726828373518,
          0.2737144334412994,
          -0.2702170074694187,
          -1.0780769903181402
        ],
        [
          -0.28590412042207863,
          0.9582393278830015,
          -0.006018676451289681,
          -0.02590598576668054
        ],
        [
          0.0,
          0.0,
          0.0,
          1.0
        ]
      ]
    },
    {
      "file_path": "./datasets/castle/images/building13.png",
      "sharpness": 112.363644,
      "transform_matrix": [
        [
          0.4122987261723551,
          0.2033336118624563,
          0.8880682421556745,
          3.5605648911960954
        ],
        [
          0.8325720721126468,
          0.3116920399055449,
          -0.45789935247599917,
          -1.8262687244968525
        ],
        [
          -0.3699101311812585,
          0.9281721362899865,
          -0.04077965554735491,
          -0.16492357712667235
        ],
        [
          0.0,
          0.0,
          0.0,
          1.0
        ]
      ]
    },
    {
      "file_path": "./datasets/castle/images/building12.png",
      "sharpness": 100.098074,
      "transform_matrix": [
        [
          0.46155070007590365,
          0.24460305938919846,
          0.852725216373209,
          3.4230123104574606
        ],
        [
          0.7938515488398202,
          0.3151414230644123,
          -0.5200823029809047,
          -2.0738827965442863
        ],
        [
          -0.395942760614071,
          0.9169815847905676,
          -0.048724773108777625,
          -0.1973190165738817
        ],
        [
          0.0,
          0.0,
          0.0,
          1.0
        ]
      ]
    },
    {
      "file_path": "./datasets/castle/images/building11.png",
      "sharpness": 98.592968,
      "transform_matrix": [
        [
          0.5043154619944352,
          0.27328683090468536,
          0.8191338247742318,
          3.291556124536997
        ],
        [
          0.7567057523167526,
          0.317132111944835,
          -0.5716849027082238,
          -2.285550261554608
        ],
        [
          -0.41600759515328634,
          0.9081528129484259,
          -0.04686308942926048,
          -0.19412939961502482
        ],
        [
          0.0,
          0.0,
          0.0,
          1.0
        ]
      ]
    },
    {
      "file_path": "./datasets/castle/images/building15.png",
      "sharpness": 108.69517,
      "transform_matrix": [
        [
          0.30637943293516995,
          0.1282151312625387,
          0.9432351367668097,
          3.7825676059091746
        ],
        [
          0.8979855411725537,
          0.2898412785945415,
          -0.3310800523560467,
          -1.321979493147882
        ],
        [
          -0.3158379504270281,
          0.9484476334395033,
          -0.02633392745630043,
          -0.10485200214347053
        ],
        [
          0.0,
          0.0,
          0.0,
          1.0
        ]
      ]
    },
    {
      "file_path": "./datasets/castle/images/building10.png",
      "sharpness": 101.022208,
      "transform_matrix": [
        [
          0.5445664704430345,
          0.31148319303966665,
          0.7787333174873652,
          3.1338834383526306
        ],
        [
          0.7148703645754764,
          0.3132107590171007,
          -0.6251874777121041,
          -2.5027127561907023
        ],
        [
          -0.4386430452483042,
          0.8971495086821271,
          -0.05210602622467337,
          -0.2147831726086957
        ],
        [
          0.0,
          0.0,
          0.0,
          1.0
        ]
      ]
    },
    {
      "file_path": "./datasets/castle/images/building73.png",
      "sharpness": 167.949848,
      "transform_matrix": [
        [
          -0.1348679310222163,
          -0.2396071068826353,
          0.961456746585601,
          3.8330058109099117
        ],
        [
          0.9899489006032764,
          0.009099824354862916,
          0.14113244627455632,
          0.5654205351078105
        ],
        [
          -0.0425654246578423,
          0.9708272902891724,
          0.23597151755179072,
          0.9469165270140346
        ],
        [
          0.0,
          0.0,
          0.0,
          1.0
        ]
      ]
    },
    {
      "file_path": "./datasets/castle/images/building8.png",
      "sharpness": 85.352168,
      "transform_matrix": [
        [
          0.6236019419533243,
          0.37443222994481346,
          0.6862369293563596,
          2.766570961806261
        ],
        [
          0.6214220778388073,
          0.2951600290650465,
          -0.7257514439649333,
          -2.9106703403978105
        ],
        [
          -0.4742944435637897,
          0.8790227883623137,
          -0.04861808703016158,
          -0.20363960004864454
        ],
        [
          0.0,
          0.0,
          0.0,
          1.0
        ]
      ]
    },
    {
      "file_path": "./datasets/castle/images/building21.png",
      "sharpness": 139.147278,
      "transform_matrix": [
        [
          -0.005015897634155511,
          -0.09263875725299486,
          0.9956871503978508,
          3.9774762855925236
        ],
        [
          0.9915880385226113,
          0.1283214405009438,
          0.016934277870893823,
          0.07029758074408962
        ],
        [
          -0.12933677988426856,
          0.9873964090494821,
          0.0912158363858495,
          0.366541172600746
        ],
        [
          0.0,
          0.0,
          0.0,
          1.0
        ]
      ]
    },
    {
      "file_path": "./datasets/castle/images/building77.png",
      "sharpness": 156.730072,
      "transform_matrix": [
        [
          -0.3424849871531575,
          -0.08382381797350988,
          0.9357764696533536,
          3.743337756710161
        ],
        [
          0.9349832645824472,
          -0.1282067342128534,
          0.3307103388973347,
          1.3217167551732365
        ],
        [
          0.09225144187780188,
          0.9881986646845999,
          0.12228274869847452,
          0.48968464986957083
        ],
        [
          0.0,
          0.0,
          0.0,
          1.0
        ]
      ]
    },
    {
      "file_path": "./datasets/castle/images/building20.png",
      "sharpness": 128.56692,
      "transform_matrix": [
        [
          0.046106912233883766,
          -0.05895623935215797,
          0.9971952238792344,
          3.9836688482908915
        ],
        [
          0.9857494373723343,
          0.16435343287005488,
          -0.035860783933427474,
          -0.14071498507388785
        ],
        [
          -0.16177824132523994,
          0.9846380609067912,
          0.0656939090756556,
          0.2639052312160398
        ],
        [
          0.0,
          0.0,
          0.0,
          1.0
        ]
      ]
    },
    {
      "file_path": "./datasets/castle/images/building76.png",
      "sharpness": 164.17324,
      "transform_matrix": [
        [
          -0.29141745451524603,
          -0.12819752610035384,
          0.9479669095213461,
          3.7891910519662138
        ],
        [
          0.9547678932382909,
          -0.10021536113142393,
          0.2799556240459894,
          1.1192780273331515
        ],
        [
          0.05911122775774496,
          0.9866723244000184,
          0.15160338735744142,
          0.6063418129590735
        ],
        [
          0.0,
          0.0,
          0.0,
          1.0
        ]
      ]
    },
    {
      "file_path": "./datasets/castle/images/building22.png",
      "sharpness": 153.747968,
      "transform_matrix": [
        [
          -0.06140509516307546,
          -0.12357190181562992,
          0.9904339450016495,
          3.9549549540026367
        ],
        [
          0.9934754992779563,
          0.08797727166383007,
          0.07257018675302833,
          0.29061849777515836
        ],
        [
          -0.09610331223667616,
          0.9884280372359214,
          0.11736340411430443,
          0.4711225139843335
        ],
        [
          0.0,
          0.0,
          0.0,
          1.0
        ]
      ]
    },
    {
      "file_path": "./datasets/castle/images/building78.png",
      "sharpness": 156.209366,
      "transform_matrix": [
        [
          -0.39037844583687425,
          -0.03790826552783041,
          0.9198737046315143,
          3.6782736977706487
        ],
        [
          0.9118703343990628,
          -0.15361286120737666,
          0.38065152320067047,
          1.520870727819428
        ],
        [
          0.1268745927028121,
          0.9874036926797604,
          0.09453457278204229,
          0.37944058514484674
        ],
        [
          0.0,
          0.0,
          0.0,
          1.0
        ]
      ]
    },
    {
      "file_path": "./datasets/castle/images/building3.png",
      "sharpness": 90.408272,
      "transform_matrix": [
        [
          0.7713100242246167,
          0.4955524993406151,
          0.3993852362941555,
          1.6163936846331437
        ],
        [
          0.3507588336554748,
          0.1926480279420102,
          -0.9164360195578689,
          -3.6828532459762293
        ],
        [
          -0.5310829381388895,
          0.8469441881072459,
          -0.025228061584992988,
          -0.1115931735317897
        ],
        [
          0.0,
          0.0,
          0.0,
          1.0
        ]
      ]
    },
    {
      "file_path": "./datasets/castle/images/building75.png",
      "sharpness": 162.898322,
      "transform_matrix": [
        [
          -0.24083518689509503,
          -0.16823489280838716,
          0.9558741724917582,
          3.8195286370212242
        ],
        [
          0.9702490695722762,
          -0.06689966362768365,
          0.23268256918170893,
          0.9303441504297914
        ],
        [
          0.024802333525424183,
          0.9834741765244055,
          0.17934154120992155,
          0.7188560943912989
        ],
        [
          0.0,
          0.0,
          0.0,
          1.0
        ]
      ]
    },
    {
      "file_path": "./datasets/castle/images/building23.png",
      "sharpness": 155.367812,
      "transform_matrix": [
        [
          -0.1117623424879014,
          -0.14906246620427407,
          0.9824915063310039,
          3.920250769019396
        ],
        [
          0.991925260036359,
          0.04290679049997648,
          0.11934523799112493,
          0.4786493441868137
        ],
        [
          -0.05994545273484379,
          0.9878964462635593,
          0.14306346213642068,
          0.5757717999173382
        ],
        [
          0.0,
          0.0,
          0.0,
          1.0
        ]
      ]
    },
    {
      "file_path": "./datasets/castle/images/building74.png",
      "sharpness": 162.20752,
      "transform_matrix": [
        [
          -0.19072836154986803,
          -0.20241014628226034,
          0.9605481897460141,
          3.8328246875887593
        ],
        [
          0.9815994745883301,
          -0.03012658636110247,
          0.18855996468632222,
          0.7534100556311496
        ],
        [
          -0.009228412042752368,
          0.9788373314899825,
          0.20443168769775744,
          0.8207441132875867
        ],
        [
          0.0,
          0.0,
          0.0,
          1.0
        ]
      ]
    },
    {
      "file_path": "./datasets/castle/images/building24.png",
      "sharpness": 159.381508,
      "transform_matrix": [
        [
          -0.16425062204338198,
          -0.17810629892554428,
          0.9702061015491786,
          3.8733224525372725
        ],
        [
          0.9860853574943552,
          -0.00408119428144138,
          0.16618968556692137,
          0.6648938774372338
        ],
        [
          -0.02563983022246226,
          0.9840027897208875,
          0.17629835214739856,
          0.7070766318157905
        ],
        [
          0.0,
          0.0,
          0.0,
          1.0
        ]
      ]
    },
    {
      "file_path": "./datasets/castle/images/building79.png",
      "sharpness": 153.801826,
      "transform_matrix": [
        [
          -0.43701188976063066,
          0.005563383737221419,
          0.8994385231971571,
          3.5979403475647964
        ],
        [
          0.8850528354335215,
          -0.17557651642632255,
          0.43110829888909197,
          1.722574936182489
        ],
        [
          0.16031870354161382,
          0.9844500676427962,
          0.07180513668982322,
          0.28668224518020957
        ],
        [
          0.0,
          0.0,
          0.0,
          1.0
        ]
      ]
    },
    {
      "file_path": "./datasets/castle/images/building25.png",
      "sharpness": 162.425152,
      "transform_matrix": [
        [
          -0.2142591918495174,
          -0.19890849583782366,
          0.9563097871680362,
          3.814708640569897
        ],
        [
          0.9767384467224283,
          -0.0523102018054817,
          0.20795588349862465,
          0.8314450422255941
        ],
        [
          0.008660565967980035,
          0.9786209956427315,
          0.20548951682885816,
          0.8237813286165179
        ],
        [
          0.0,
          0.0,
          0.0,
          1.0
        ]
      ]
    },
    {
      "file_path": "./datasets/castle/images/building80.png",
      "sharpness": 136.343764,
      "transform_matrix": [
        [
          -0.48155400325158043,
          0.05355913177339818,
          0.874778349868071,
          3.4980691365098546
        ],
        [
          0.854541282842005,
          -0.1929192421835329,
          0.4822254264495364,
          1.9273576509156678
        ],
        [
          0.19458915149480344,
          0.9797517978751488,
          0.047132544204197796,
          0.18793160236900922
        ],
        [
          0.0,
          0.0,
          0.0,
          1.0
        ]
      ]
    },
    {
      "file_path": "./datasets/castle/images/building26.png",
      "sharpness": 164.393088,
      "transform_matrix": [
        [
          -0.26709235020982086,
          -0.22103502496105432,
          0.9379793143996881,
          3.7429470256524247
        ],
        [
          0.9627384487246714,
          -0.10401177666899653,
          0.24963218875324894,
          0.9967022857601457
        ],
        [
          0.04238343789732185,
          0.9697035980631136,
          0.24057966692484575,
          0.9639703391696106
        ],
        [
          0.0,
          0.0,
          0.0,
          1.0
        ]
      ]
    },
    {
      "file_path": "./datasets/castle/images/building81.png",
      "sharpness": 127.974606,
      "transform_matrix": [
        [
          -0.525774066518557,
          0.09507255872100215,
          0.8452945283134335,
          3.3834787029963267
        ],
        [
          0.8206975601326226,
          -0.2045742204637976,
          0.5334837421274948,
          2.1326043540881514
        ],
        [
          0.22364513359215035,
          0.9742230735002011,
          0.02953400282022277,
          0.1174734542670453
        ],
        [
          0.0,
          0.0,
          0.0,
          1.0
        ]
      ]
    },
    {
      "file_path": "./datasets/castle/images/building28.png",
      "sharpness": 172.274574,
      "transform_matrix": [
        [
          -0.36631919823799364,
          -0.2466539611513831,
          0.8972023564906938,
          3.578634438745689
        ],
        [
          0.923681750159975,
          -0.21281578873987192,
          0.31862433128183637,
          1.2708259420290633
        ],
        [
          0.11234887372596321,
          0.9454476524652569,
          0.30578827162377625,
          1.2257209479438975
        ],
        [
          0.0,
          0.0,
          0.0,
          1.0
        ]
      ]
    },
    {
      "file_path": "./datasets/castle/images/building82.png",
      "sharpness": 125.396188,
      "transform_matrix": [
        [
          -0.5653332587690679,
          0.14145131252399787,
          0.8126437305219507,
          3.2522338238566366
        ],
        [
          0.7837450907122777,
          -0.21505414961566274,
          0.582662291141149,
          2.3297907990901052
        ],
        [
          0.25718075224805326,
          0.9663039061073672,
          0.010715491448541907,
          0.040977700597300326
        ],
        [
          0.0,
          0.0,
          0.0,
          1.0
        ]
      ]
    },
    {
      "file_path": "./datasets/castle/images/building27.png",
      "sharpness": 169.936666,
