{
  "camera_angle_x": 1.311567253753607,
  "camera_angle_y": 1.3112372247665307,
  "fl_x": 649.8816526842908,
  "fl_y": 650.1035940112059,
  "k1": -0.012498821172288482,
  "k2": 0.005885103294064243,
  "k3": 0,
  "k4": 0,
  "p1": -0.0013670648136927758,
  "p2": 0.0057390792313783325,
  "is_fisheye": false,
  "cx": 519.6807377079151,
  "cy": 494.8688077225882,
  "w": 1000.0,
  "h": 1000.0,
  "aabb_scale": 32,
  "frames": [
    {
      "file_path": "./datasets/castle2/images/building61.png",
      "sharpness": 178.288462,
      "transform_matrix": [
        [
          0.7108776160303193,
          -0.2077185574237342,
          0.671941973649731,
          2.6969405367255272
        ],
        [
          0.5742222042488914,
          0.723073659370879,
          -0.3839704979184402,
          -1.5225231747651518
        ],
        [
          -0.40610574385091014,
          0.6588000334227346,
          0.6332934870951461,
          2.5302169280002578
        ],
        [
          0.0,
          0.0,
          0.0,
          1.0
        ]
      ]
    },
    {
      "file_path": "./datasets/castle2/images/building60.png",
      "sharpness": 192.357052,
      "transform_matrix": [
        [
          0.737338405376966,
          -0.1846482969204302,
          0.6497977242373049,
          2.609673027498
        ],
        [
          0.5218781653217197,
          0.7664730631546065,
          -0.37438245687934524,
          -1.4815139298978666
        ],
        [
          -0.42892336906740164,
          0.6151618079117207,
          0.6615139405774305,
          2.6421059369764377
        ],
        [
          0.0,
          0.0,
          0.0,
          1.0
        ]
      ]
    },
    {
      "file_path": "./datasets/castle2/images/building6.png",
      "sharpness": 106.854754,
      "transform_matrix": [
        [
          0.8295729155246416,
          0.48823288499362055,
          0.2709934092596984,
          1.122157653123298
        ],
        [
          0.25952219046414354,
          0.09259923297087229,
          -0.9612874776621628,
          -3.8961059007569174
        ],
        [
          -0.4944259403648481,
          0.8677868586739524,
          -0.049889452099180595,
          -0.23269859712929178
        ],
        [
          0.0,
          0.0,
          0.0,
          1.0
        ]
      ]
    },
    {
      "file_path": "./datasets/castle2/images/building59.png",
      "sharpness": 203.90807,
      "transform_matrix": [
        [
          0.7596500819326556,
          -0.1593174885980623,
          0.6305154168376526,
          2.532282046917477
        ],
        [
          0.46879387743066264,
          0.8061177856895474,
          -0.36111828543939667,
          -1.4269006028520117
        ],
        [
          -0.45073723334124777,
          0.5699053021605517,
          0.6870545051688367,
          2.7417654391316577
        ],
        [
          0.0,
          0.0,
          0.0,
          1.0
        ]
      ]
    },
    {
      "file_path": "./datasets/castle2/images/building58.png",
      "sharpness": 208.560394,
      "transform_matrix": [
        [
          0.7793729778073482,
          -0.13063159479137465,
          0.6127912759899667,
          2.4647072419150096
        ],
        [
          0.4124410807069459,
          0.8432076828768126,
          -0.34480887239598085,
          -1.3609852963223639
        ],
        [
          -0.47166737901532274,
          0.5214750137707399,
          0.7110511188439615,
          2.837663277555014
        ],
        [
          0.0,
          0.0,
          0.0,
          1.0
        ]
      ]
    },
    {
      "file_path": "./datasets/castle2/images/building57.png",
      "sharpness": 209.475798,
      "transform_matrix": [
        [
          0.796255467871002,
          -0.10128293030892764,
          0.596421828856902,
          2.4016953457162424
        ],
        [
          0.35466976630583524,
          0.8768372588532913,
          -0.32460095248688786,
          -1.279829309760428
        ],
        [
          -0.4900883458862118,
          0.4699980739541962,
          0.7341084550183917,
          2.928071800274665
        ],
        [
          0.0,
          0.0,
          0.0,
          1.0
        ]
      ]
    },
    {
      "file_path": "./datasets/castle2/images/building56.png",
      "sharpness": 211.799482,
      "transform_matrix": [
        [
          0.8105260820579412,
          -0.07038601188001928,
          0.5814578915612655,
          2.3446347304537642
        ],
        [
          0.2943224943024073,
          0.9072512639677279,
          -0.3004486867615725,
          -1.1833254607236725
        ],
        [
          -0.5063810222272319,
          0.41465763391644134,
          0.7560669990064037,
          3.0139206268733205
        ],
        [
          0.0,
          0.0,
          0.0,
          1.0
        ]
      ]
    },
    {
      "file_path": "./datasets/castle2/images/building55.png",
      "sharpness": 209.210558,
      "transform_matrix": [
        [
          0.8212132551880911,
          -0.03678606497355812,
          0.5694344342859703,
          2.2990395073433207
        ],
        [
          0.2328031089880831,
          0.9326898600245116,
          -0.27548563928655867,
          -1.0831276832633567
        ],
        [
          -0.5209716901812411,
          0.35879856526273135,
          0.7745011863249364,
          3.085101695153209
        ],
        [
          0.0,
          0.0,
          0.0,
          1.0
        ]
      ]
    },
    {
      "file_path": "./datasets/castle2/images/building54.png",
      "sharpness": 204.341672,
      "transform_matrix": [
        [
          0.8288515553971797,
          -0.0026994096740102667,
          0.5594620740734182,
          2.2614795428859953
        ],
        [
          0.17066121786020869,
          0.9535478405526997,
          -0.24823630777132086,
          -0.974109381623881
        ],
        [
          -0.5328037611132039,
          0.3012295287102801,
          0.7908102953301972,
          3.146824086989707
        ],
        [
          0.0,
          0.0,
          0.0,
          1.0
        ]
      ]
    },
    {
      "file_path": "./datasets/castle2/images/building53.png",
      "sharpness": 205.287496,
      "transform_matrix": [
        [
          0.832698273924171,
          0.0329591410911155,
          0.552745221278018,
          2.2381273095670693
        ],
        [
          0.10819094540183222,
          0.9693032208354803,
          -0.2207849302176352,
          -0.8645409681819674
        ],
        [
          -0.5430546049520382,
          0.24364925835710724,
          0.8035712382645641,
          3.1981872118416477
        ],
        [
          0.0,
          0.0,
          0.0,
          1.0
        ]
      ]
    },
    {
      "file_path": "./datasets/castle2/images/building52.png",
      "sharpness": 197.945556,
      "transform_matrix": [
        [
          0.832723043614247,
          0.0669354007225691,
          0.549628951918817,
          2.2280406176642096
        ],
        [
          0.04637583326212691,
          0.9807461545770879,
          -0.18970045432650534,
          -0.740968317871294
        ],
        [
          -0.5517441569662132,
          0.1834574403319975,
          0.8135857378691576,
          3.237475918275414
        ],
        [
          0.0,
          0.0,
          0.0,
          1.0
        ]
      ]
    },
    {
      "file_path": "./datasets/castle2/images/building51.png",
      "sharpness": 197.031554,
      "transform_matrix": [
        [
          0.8296944737220004,
          0.10354811511972298,
          0.5485297331537901,
          2.2260181314065344
        ],
        [
          -0.016404381659840046,
          0.986743158066362,
          -0.16145846608885173,
          -0.6272812287171483
        ],
        [
          -0.557976681019092,
          0.12496290595512637,
          0.8203939880312361,
          3.260339785697353
        ],
        [
          0.0,
          0.0,
          0.0,
          1.0
        ]
      ]
    },
    {
      "file_path": "./datasets/castle2/images/building50.png",
      "sharpness": 194.296222,
      "transform_matrix": [
        [
          0.8238081633391916,
          0.13909018180304888,
          0.5495398360129549,
          2.2320523529162206
        ],
        [
          -0.0800891889285667,
          0.9882646308267478,
          -0.13007206184965528,
          -0.5022573862784983
        ],
        [
          -0.5611825298921002,
          0.06314222662389127,
          0.8252800902630005,
          3.277019811563358
        ],
        [
          0.0,
          0.0,
          0.0,
          1.0
        ]
      ]
    },
    {
      "file_path": "./datasets/castle2/images/building5.png",
      "sharpness": 108.637624,
      "transform_matrix": [
        [
          0.8380952668625925,
          0.5057324520398402,
          0.2045263079404048,
          0.8564047333073975
        ],
        [
          0.1956889552448589,
          0.07125479069391359,
          -0.9780739172468135,
          -3.97349658723049
        ],
        [
          -0.5092171997091353,
          0.8597426602072556,
          -0.03924795235124333,
          -0.19305146461900885
        ],
        [
          0.0,
          0.0,
          0.0,
          1.0
        ]
      ]
    },
    {
      "file_path": "./datasets/castle2/images/building49.png",
      "sharpness": 196.35211,
      "transform_matrix": [
        [
          -0.8132341781296165,
          -0.1637892915520564,
          0.5584113533213358,
          2.1808195591593944
        ],
        [
          0.1658717715642728,
          -0.9850098552998876,
          -0.04735124454973439,
          -0.2708912797454927
        ],
        [
          0.5577963131317725,
          0.05411702999219528,
          0.8282117000773733,
          3.3119453721382706
        ],
        [
          0.0,
          0.0,
          0.0,
          1.0
        ]
      ]
    },
    {
      "file_path": "./datasets/castle2/images/building48.png",
      "sharpness": 192.09498,
      "transform_matrix": [
        [
          -0.7992978417705707,
          -0.1996235967935994,
          0.5668098268092547,
          2.214147206390132
        ],
        [
          0.2287771353584124,
          -0.9732700637909931,
          -0.020159495669763373,
          -0.15611391778894462
        ],
        [
          0.5556833473311485,
          0.11355968709039406,
          0.8236019760724287,
          3.2979263179072316
        ],
        [
          0.0,
          0.0,
          0.0,
          1.0
        ]
      ]
    },
    {
      "file_path": "./datasets/castle2/images/building47.png",
      "sharpness": 190.106502,
      "transform_matrix": [
        [
          -0.7841999201302644,
          -0.23141097735258076,
          0.5757425161058137,
          2.2490985495733806
        ],
        [
          0.2901210995807048,
          -0.9569318958800664,
          0.010540124555669557,
          -0.029612323669730337
        ],
        [
          0.5485072769510505,
          0.17530061668269944,
          0.8175631235238269,
          3.2767344501307685
        ],
        [
          0.0,
          0.0,
          0.0,
          1.0
        ]
      ]
    },
    {
      "file_path": "./datasets/castle2/images/building46.png",
      "sharpness": 196.36146,
      "transform_matrix": [
        [
          -0.7637607787922074,
          -0.26414759709946595,
          0.5889783695083735,
          2.302269175177773
        ],
        [
          0.3505790793773935,
          -0.9358831423833871,
          0.034886285352271444,
          0.07445934624910715
        ],
        [
          0.5419997988038115,
          0.23312827102526187,
          0.8073954590961154,
          3.239716130838403
        ],
        [
          0.0,
          0.0,
          0.0,
          1.0
        ]
      ]
    },
    {
      "file_path": "./datasets/castle2/images/building45.png",
      "sharpness": 189.656896,
      "transform_matrix": [
        [
          -0.7410748405737742,
          -0.29388952092790216,
          0.6036862017478671,
          2.359423814955813
        ],
        [
          0.40979784814752407,
          -0.9102041738060139,
          0.05995069340679076,
          0.17976549535789124
        ],
        [
          0.5318588199353905,
          0.29181725699135275,
          0.7949647062622367,
          3.190130371481693
        ],
        [
          0.0,
          0.0,
          0.0,
          1.0
        ]
      ]
    },
    {
      "file_path": "./datasets/castle2/images/building44.png",
      "sharpness": 187.47164,
      "transform_matrix": [
        [
          -0.7134121300563372,
          -0.32264964358788384,
          0.6220452879047749,
          2.432318909303686
        ],
        [
          0.4671699570731322,
          -0.8806299739218655,
          0.0790131649717091,
          0.26227923477912496
        ],
        [
          0.5222981561489288,
          0.34696982077297767,
          0.7789843256316678,
          3.127965997614225
        ],
        [
          0.0,
          0.0,
          0.0,
          1.0
        ]
      ]
    },
    {
      "file_path": "./datasets/castle2/images/building43.png",
      "sharpness": 182.483208,
      "transform_matrix": [
        [
          -0.6848816804286632,
          -0.3460238600921359,
          0.6412523466495785,
          2.509270645539704
        ],
        [
          0.5222139380775291,
          -0.8468382474347762,
          0.10078484786583598,
          0.35365882360333073
        ],
        [
          0.5081630513028319,
          0.4038966092134342,
          0.7606824846018958,
          3.058116173706577
        ],
        [
          0.0,
          0.0,
          0.0,
          1.0
        ]
      ]
    },
    {
      "file_path": "./datasets/castle2/images/building42.png",
      "sharpness": 181.453508,
      "transform_matrix": [
        [
          -0.65284123859505,
          -0.3670680786545139,
          0.6626155316969314,
          2.5947830894328856
        ],
        [
          0.5756594526167896,
          -0.8089814499578714,
          0.11901768035540995,
          0.4313759848004192
        ],
        [
          0.4923560823428122,
          0.4591405441299744,
          0.7394426610222704,
          2.9729146375939597
        ],
        [
          0.0,
          0.0,
          0.0,
          1.0
        ]
      ]
    },
    {
      "file_path": "./datasets/castle2/images/building41.png",
      "sharpness": 188.911064,
      "transform_matrix": [
        [
          -0.6167621658252823,
          -0.3867271164424473,
          0.6855994225771048,
          2.6851462399631485
        ],
        [
          0.6266691867809753,
          -0.7683027470708116,
          0.13037108261765706,
          0.4822010025593086
        ],
        [
          0.4763298869079452,
          0.5100519838801535,
          0.7162100338600479,
          2.8784764387141624
        ],
        [
          0.0,
          0.0,
          0.0,
          1.0
        ]
      ]
    },
    {
      "file_path": "./datasets/castle2/images/building40.png",
      "sharpness": 189.422382,
      "transform_matrix": [
        [
          -0.5794031394307103,
          -0.4024643790097345,
          0.7087414378104251,
          2.780637479025223
        ],
        [
          0.6742190995688687,
          -0.7252692534659123,
          0.13933095762868514,
          0.5244307245680546
        ],
        [
          0.45795262616226384,
          0.5585758082976376,
          0.6915724536152041,
          2.782288360383603
        ],
        [
          0.0,
          0.0,
          0.0,
          1.0
        ]
      ]
    },
    {
      "file_path": "./datasets/castle2/images/building4.png",
      "sharpness": 112.839782,
      "transform_matrix": [
        [
          0.8435570822742393,
          0.5197827519015669,
          0.1350456952073972,
          0.5766135820885724
        ],
        [
          0.12938027624261966,
          0.04736239597998382,
          -0.9904632994546556,
          -4.032114806806293
        ],
        [
          -0.5212218271398514,
          0.8529845803389954,
          -0.027296751464781444,
          -0.14841369065500942
        ],
        [
          0.0,
          0.0,
          0.0,
          1.0
        ]
      ]
    },
    {
      "file_path": "./datasets/castle2/images/building39.png",
      "sharpness": 190.997424,
      "transform_matrix": [
        [
          -0.5380729028397394,
          -0.41609681559800105,
          0.7330354638776096,
          2.876841586444067
        ],
        [
          0.7193540282548401,
          -0.6799623901707977,
          0.14205960012239552,
          0.540379264457722
        ],
        [
          0.43932599886212464,
          0.6037504352081239,
          0.6651902575454821,
          2.676050925181085
        ],
        [
          0.0,
          0.0,
          0.0,
          1.0
        ]
      ]
    },
    {
      "file_path": "./datasets/castle2/images/building38.png",
      "sharpness": 191.11171,
      "transform_matrix": [
        [
          -0.49715627260765244,
          -0.42347415988128884,
          0.7573013115947609,
          2.9768411644303256
        ],
        [
          0.7620047395419928,
          -0.6305095117926948,
          0.14767035062822087,
          0.56742265769835
        ],
        [
          0.41495110258191903,
          0.6504824297895669,
          0.6361510756296325,
          2.560492369807544
        ],
        [
          0.0,
          0.0,
          0.0,
          1.0
        ]
      ]
    },
    {
      "file_path": "./datasets/castle2/images/building37.png",
      "sharpness": 189.589512,
      "transform_matrix": [
        [
          -0.45513726270261495,
          -0.42925482937252013,
          0.7801220183941625,
          3.0721801916472375
        ],
        [
          0.800240263063176,
          -0.5813909453896154,
          0.14696969072476251,
          0.5685393185887365
        ],
        [
          0.39046842827844713,
          0.6911764319578391,
          0.6081196810229192,
          2.447594132969437
        ],
        [
          0.0,
          0.0,
          0.0,
          1.0
        ]
      ]
    },
    {
      "file_path": "./datasets/castle2/images/building36.png",
      "sharpness": 191.566458,
      "transform_matrix": [
        [
          -0.40893296495854836,
          -0.4300562724308196,
          0.8048760356331663,
          3.1719019191959
        ],
        [
          0.8358533756329551,
          -0.5304739618996273,
          0.14123211458337256,
          0.5501219149409986
        ],
        [
          0.3662280227151437,
          0.730512818713997,
          0.576392277096349,
          2.3200603482563356
        ],
        [
          0.0,
          0.0,
          0.0,
          1.0
        ]
      ]
    },
    {
      "file_path": "./datasets/castle2/images/building35.png",
      "sharpness": 186.945466,
      "transform_matrix": [
        [
          -0.3628588010575516,
          -0.428058196671845,
          0.8277074789927701,
          3.266858356757532
        ],
        [
          0.8680259221856906,
          -0.47832969056927244,
          0.13316045033631285,
          0.5220517655456376
        ],
        [
          0.3389166400695115,
          0.7667899891100105,
          0.545131748945418,
          2.1941278565888025
        ],
        [
          0.0,
          0.0,
          0.0,
          1.0
        ]
      ]
    },
    {
      "file_path": "./datasets/castle2/images/building2.png",
      "sharpness": 113.153062,
      "transform_matrix": [
        [
          0.8450022817690938,
          0.5347625674004048,
          -0.0003746141951079459,
          0.029937935831773416
        ],
        [
          0.005811441495426404,
          -0.00988339726868475,
          -0.9999342706430051,
          -4.08087615199077
        ],
        [
          -0.5347311202616174,
          0.844944563263976,
          -0.011459234618060476,
          -0.08569327057783424
        ],
        [
          0.0,
          0.0,
          0.0,
          1.0
        ]
      ]
    },
    {
      "file_path": "./datasets/castle2/images/building16.png",
      "sharpness": 129.047578,
      "transform_matrix": [
        [
          0.5709011125034855,
          0.16657208570846058,
          0.8039438164626049,
          3.2429005210265642
        ],
        [
          0.7706774758856539,
          0.22888241346291002,
          -0.5947008230783738,
          -2.3856341724124834
        ],
        [
          -0.28306915747324685,
          0.9590967527274618,
          0.0022958699116528538,
          -0.012158962217964206
        ],
        [
          0.0,
          0.0,
          0.0,
          1.0
        ]
      ]
    },
    {
      "file_path": "./datasets/castle2/images/building19.png",
      "sharpness": 127.598388,
      "transform_matrix": [
        [
          0.442167137178446,
          0.03597589284586857,
          0.8962108892201673,
          3.603462686803427
        ],
        [
          0.8766401210164712,
          0.1940067829022739,
          -0.44029929185989086,
          -1.7643399391500902
        ],
        [
          -0.18971115156365406,
          0.9803402997656315,
          0.05424551273102092,
          0.20249322358033542
        ],
        [
          0.0,
          0.0,
          0.0,
          1.0
        ]
      ]
    },
    {
      "file_path": "./datasets/castle2/images/building18.png",
      "sharpness": 131.761102,
      "transform_matrix": [
        [
          0.4869910120774688,
          0.07981457049731402,
          0.8697524869269043,
          3.5022954869046306
        ],
        [
          0.8449029304446715,
          0.2092782093586628,
          -0.4922821032841052,
          -1.9746569541157306
        ],
        [
          -0.22131152768644158,
          0.9745933846720337,
          0.03448104247597219,
          0.12156116444625228
        ],
        [
          0.0,
          0.0,
          0.0,
          1.0
        ]
      ]
    },
    {
      "file_path": "./datasets/castle2/images/building17.png",
      "sharpness": 130.548548,
      "transform_matrix": [
        [
          0.52872024364087,
          0.1241639125405596,
          0.8396655446130932,
          3.386789999281027
        ],
        [
          0.810458042673046,
          0.22009947698935556,
          -0.5428756591483651,
          -2.182115105251544
        ],
        [
          -0.2522155130782205,
          0.967543044558746,
          0.015741407570790848,
          0.04667648032351977
        ],
        [
          0.0,
          0.0,
          0.0,
          1.0
        ]
      ]
    },
    {
      "file_path": "./datasets/castle2/images/building14.png",
      "sharpness": 109.41176,
      "transform_matrix": [
        [
          0.6437046485577052,
          0.24820222073720724,
          0.7239060595614344,
          2.933027062333015
        ],
        [
          0.687006612449832,
          0.22931743229275262,
          -0.6895182591469566,
          -2.7817021582475356
        ],
        [
          -0.33714424195892034,
          0.9411743583895197,
          -0.022903869709032472,
          -0.1158939226100261
        ],
        [
          0.0,
          0.0,
          0.0,
          1.0
        ]
      ]
    },
    {
      "file_path": "./datasets/castle2/images/building15.png",
      "sharpness": 125.499418,
      "transform_matrix": [
        [
          0.608649334228542,
          0.20828631479631213,
          0.7656126951893933,
          3.0967113859776845
        ],
        [
          0.7296439679823551,
          0.2321559771940583,
          -0.6432132478736893,
          -2.5882672756440246
        ],
        [
          -0.3117140804316479,
          0.9501159999409537,
          -0.010673272248063038,
          -0.06598317337944429
        ],
        [
          0.0,
          0.0,
          0.0,
          1.0
        ]
      ]
    },
    {
      "file_path": "./datasets/castle2/images/building13.png",
      "sharpness": 111.002856,
      "transform_matrix": [
        [
          0.6769282318140913,
          0.28464861782302797,
          0.6787807697393398,
          2.7528990011176537
        ],
        [
          0.641029524855861,
          0.2252221521088051,
          -0.7337275587455683,
          -2.963679564784528
        ],
        [
          -0.361731001226356,
          0.9317994132822119,
          -0.030008935041595467,
          -0.14898701913036022
        ],
        [
          0.0,
          0.0,
          0.0,
          1.0
        ]
      ]
    },
    {
      "file_path": "./datasets/castle2/images/building11.png",
      "sharpness": 111.785492,
      "transform_matrix": [
        [
          0.7340084929837516,
          0.35865069697876845,
          0.5767158830895921,
          2.3466549060644355
        ],
        [
          0.5423452029879543,
          0.20157023259163273,
          -0.8156170192738097,
          -3.3015282479814183
        ],
        [
          -0.40877036712395565,
          0.9114489118496709,
          -0.04655822239975271,
          -0.21413056412384898
        ],
        [
          0.0,
          0.0,
          0.0,
          1.0
        ]
      ]
    },
    {
      "file_path": "./datasets/castle2/images/building12.png",
      "sharpness": 115.79399,
      "transform_matrix": [
        [
          0.7062607230167756,
          0.32253065905980766,
          0.6302140629291846,
          2.556137263770523
        ],
        [
          0.5929832591730266,
          0.21678540029730234,
          -0.775483684263349,
          -3.130938092484212
        ],
        [
          -0.3867384716806785,
          0.9214000565479687,
          -0.038148267839055165,
          -0.1817413743820186
        ],
        [
          0.0,
          0.0,
          0.0,
          1.0
        ]
      ]
    },
    {
      "file_path": "./datasets/castle2/images/building10.png",
      "sharpness": 112.518314,
      "transform_matrix": [
        [
          0.7589567776486542,
          0.3908963818355505,
          0.5207539038283726,
          2.120556555550572
        ],
        [
          0.48805782828371014,
          0.18789626219274427,
          -0.8523464969747739,
          -3.4480540179697554
        ],
        [
          -0.4310268737892761,
          0.9010521701568323,
          -0.0481748975165869,
          -0.22330055758668976
        ],
        [
          0.0,
          0.0,
          0.0,
          1.0
        ]
      ]
    },
    {
      "file_path": "./datasets/castle2/images/building73.png",
      "sharpness": 140.091216,
      "transform_matrix": [
        [
          0.22691400224785832,
          -0.22673772657491748,
          0.9471536511859836,
          3.7866157023744713
        ],
        [
          0.9731824772987316,
          0.09049538203622251,
          -0.21148629201205008,
          -0.8370446973988732
        ],
        [
          -0.03776111045850723,
          0.9697425375847277,
          0.24119185176804883,
          0.9634777909255469
        ],
        [
          0.0,
          0.0,
          0.0,
          1.0
        ]
      ]
    },
    {
      "file_path": "./datasets/castle2/images/building74.png",
      "sharpness": 144.999698,
      "transform_matrix": [
        [
          0.1746337146732654,
          -0.20495328078166333,
          0.9630665700872875,
          3.852798206909993
        ],
        [
          0.9846247892068412,
          0.04045659222211759,
          -0.16993318871056745,
          -0.6730046552007337
        ],
        [
          -0.004134026968854504,
          0.9779352825551503,
          0.2088671658696657,
          0.8367071692089099
        ],
        [
          0.0,
          0.0,
          0.0,
          1.0
        ]
      ]
    },
    {
      "file_path": "./datasets/castle2/images/building20.png",
      "sharpness": 136.055948,
      "transform_matrix": [
        [
          0.397679728023911,
          -0.005066010293284849,
          0.9175103102864728,
          3.6896106248030223
        ],
        [
          0.9039417130338121,
          0.17358957029249467,
          -0.3908401726068453,
          -1.5635940185852
        ],
        [
          -0.15729022016410676,
          0.9848050551496473,
          0.07361243112446567,
          0.2855918061925071
        ],
        [
          0.0,
          0.0,
          0.0,
          1.0
        ]
      ]
    },
    {
      "file_path": "./datasets/castle2/images/building75.png",
      "sharpness": 148.341438,
      "transform_matrix": [
        [
          0.12328106740059111,
          -0.18356461202826174,
          0.975246538909484,
          3.8990718098992523
        ],
        [
          0.9918821980310346,
          -0.008073468177939393,
          -0.1269036025528336,
          -0.4998790233961618
        ],
        [
          0.031168632465130894,
          0.9829744922153916,
          0.18107916508470528,
          0.7227291223668747
        ],
        [
          0.0,
          0.0,
          0.0,
          1.0
        ]
      ]
    },
    {
      "file_path": "./datasets/castle2/images/building21.png",
      "sharpness": 145.286466,
      "transform_matrix": [
        [
          0.34861416305469217,
          -0.04735228814916509,
          0.9360694024206528,
          3.7592986831804187
        ],
        [
          0.9290338656929672,
          0.1495380407037715,
          -0.33842938817165885,
          -1.353769650571938
        ],
        [
          -0.12395257849388458,
          0.9876214533983392,
          0.09612295821340985,
          0.3790506434236908
        ],
        [
          0.0,
          0.0,
          0.0,
          1.0
        ]
      ]
    },
    {
      "file_path": "./datasets/castle2/images/building76.png",
      "sharpness": 152.818872,
      "transform_matrix": [
        [
          0.07025091169511982,
          -0.1520355834011647,
          0.9858752409961997,
          3.944142140149811
        ],
        [
          0.9955405284090489,
          -0.05169205614715006,
          -0.07891126425609664,
          -0.3094860857128561
        ],
        [
          0.06295923840975978,
          0.9870223466237606,
          0.1477261709644409,
          0.5953488985852339
        ],
        [
          0.0,
          0.0,
          0.0,
          1.0
        ]
      ]
    },
    {
      "file_path": "./datasets/castle2/images/building22.png",
      "sharpness": 148.729564,
      "transform_matrix": [
        [
          0.3009861097998116,
          -0.09072150981017801,
          0.9493034127131224,
          3.8110124768384
        ],
        [
          0.9493972428409218,
          0.12217758669711015,
          -0.2893397874387657,
          -1.1545389471891967
        ],
        [
          -0.08973425764401921,
          0.9883532996808144,
          0.12290450780484106,
          0.4872154359793089
        ],
        [
          0.0,
          0.0,
          0.0,
          1.0
        ]
      ]
    },
    {
      "file_path": "./datasets/castle2/images/building77.png",
      "sharpness": 153.39014,
      "transform_matrix": [
        [
          0.015878067531196888,
          -0.12038247705767328,
          0.9926005975277149,
          3.9703328533288023
        ],
        [
          0.9952812215908627,
          -0.09313724012450529,
          -0.0272166208551775,
          -0.10486171530573822
        ],
        [
          0.09572448443535203,
          0.9883488826031138,
          0.11833557943572888,
          0.47980878755870165
        ],
        [
          0.0,
          0.0,
          0.0,
          1.0
        ]
      ]
    },
    {
      "file_path": "./datasets/castle2/images/building24.png",
      "sharpness": 146.670394,
      "transform_matrix": [
        [
          0.1981425254898293,
          -0.17200069507863136,
          0.9649638855980169,
          3.860979441484415
        ],
        [
          0.9799545130902514,
          0.05555818585060365,
          -0.19131764231043205,
          -0.7616092352055213
        ],
        [
          -0.020704875436975984,
          0.9835288754790307,
          0.17956129665303688,
          0.7164402007863641
        ],
        [
          0.0,
          0.0,
          0.0,
          1.0
        ]
      ]
    },
    {
      "file_path": "./datasets/castle2/images/building78.png",
      "sharpness": 157.24389,
      "transform_matrix": [
        [
          -0.036200242162754866,
          -0.08949231196570383,
          0.995329427169635,
          3.976292888184274
        ],
        [
          0.9910407000296297,
          -0.13134306234224627,
          0.02423490993436199,
          0.10085658624536711
        ],
        [
          0.128560776883507,
          0.9872892818707022,
          0.0934451741609482,
          0.3791504850418501
        ],
        [
          0.0,
          0.0,
          0.0,
          1.0
        ]
      ]
    },
    {
      "file_path": "./datasets/castle2/images/building23.png",
      "sharpness": 149.322326,
      "transform_matrix": [
        [
          0.25046078422614043,
          -0.12737067249514022,
          0.9597114708996686,
          3.8498767875120095
        ],
        [
          0.9664452808449504,
          0.09129436818102481,
          -0.24010176482303594,
          -0.9567179884898759
        ],
        [
          -0.0570343291190872,
          0.9876446983354087,
          0.1459624444010255,
          0.5879358845922363
        ],
        [
          0.0,
          0.0,
          0.0,
          1.0
        ]
      ]
    },
    {
      "file_path": "./datasets/castle2/images/building79.png",
      "sharpness": 163.188744,
      "transform_matrix": [
        [
          -0.08930182413483134,
          -0.05191528439131839,
          0.9946506861588158,
          3.9709932626998055
        ],
        [
          0.9831026855325152,
          -0.16481188125507504,
          0.0796627484844952,
          0.32140861817295985
        ],
        [
          0.159794536534519,
          0.9849577894847505,
          0.06575605714046072,
          0.2719284766369468
        ],
        [
          0.0,
          0.0,
          0.0,
          1.0
        ]
      ]
    },
    {
      "file_path": "./datasets/castle2/images/building25.png",
      "sharpness": 142.750094,
      "transform_matrix": [
        [
          0.15103350467949278,
          -0.20889391006034388,
          0.9662050583739321,
          3.8589359930996907
        ],
        [
          0.9884341617005219,
          0.018399613536701775,
          -0.15053027006310357,
          -0.5916570471721277
        ],
        [
          0.013667057024634494,
          0.9777652011526224,
          0.20925683499203648,
          0.8364290500112599
        ],
        [
          0.0,
          0.0,
          0.0,
          1.0
        ]
      ]
    },
    {
      "file_path": "./datasets/castle2/images/building8.png",
      "sharpness": 106.652816,
      "transform_matrix": [
        [
          0.8018710767611623,
          0.4472603653162518,
          0.39618296517456386,
          1.625087875882481
        ],
        [
          0.3731894405019927,
          0.14292198408711773,
          -0.9166803957555737,
          -3.709790660851309
        ],
        [
          -0.4666180641281505,
          0.8829107951002865,
          -0.05230784021831004,
          -0.24147160781492652
        ],
        [
          0.0,
          0.0,
          0.0,
          1.0
        ]
      ]
    },
    {
      "file_path": "./datasets/castle2/images/building26.png",
      "sharpness": 148.355472,
      "transform_matrix": [
        [
          0.09756445149816224,
          -0.24320123128756704,
          0.9650566506312037,
          3.8529173428597696
        ],
        [
          0.9941113438060822,
          -0.02213209804553274,
          -0.10607924562492145,
          -0.4162060711354054
        ],
        [
          0.0471573315613004,
          0.9697233272227171,
          0.23960979684426112,
          0.9618156975955605
        ],
        [
          0.0,
          0.0,
          0.0,
          1.0
        ]
      ]
    },
    {
      "file_path": "./datasets/castle2/images/building80.png",
      "sharpness": 160.978394,
      "transform_matrix": [
        [
          -0.14163849963175054,
          -0.01696352369200641,
          0.9897730923345311,
          3.9516940339750612
        ],
        [
          0.971281393761404,
          -0.19548328591912198,
          0.13564195169397947,
          0.544385895557506
        ],
        [
          0.19118313094269387,
          0.9805603111552758,
          0.044164314255345526,
          0.18435177157052346
        ],
        [
          0.0,
          0.0,
          0.0,
          1.0
        ]
      ]
    },
    {
      "file_path": "./datasets/castle2/images/building27.png",
      "sharpness": 159.365408,
      "transform_matrix": [
        [
          0.04396546919373713,
          -0.2767988819172656,
          0.9599215678957158,
          3.8317465958305417
        ],
        [
          0.995608908070018,
          -0.06734525022620655,
          -0.06501937744842387,
          -0.25394019906547577
        ],
        [
          0.0826434491681499,
          0.9585650714817178,
          0.2726225670564858,
          1.0969563148500379
        ],
        [
          0.0,
          0.0,
          0.0,
          1.0
        ]
      ]
    },
    {
      "file_path": "./datasets/castle2/images/building81.png",
      "sharpness": 159.58197,
      "transform_matrix": [
        [
          -0.19211656160968707,
          0.01865991103921396,
          0.9811946975492291,
          3.9155036799927183
        ],
        [
          0.9560504743308641,
          -0.22209679685983963,
          0.19141709264460474,
          0.7691659826518842
        ],
        [
          0.2214920253416763,
          0.9748460496750735,
          0.024828656157225286,
          0.10678616339972823
        ],
        [
          0.0,
          0.0,
          0.0,
          1.0
        ]
      ]
    },
    {
      "file_path": "./datasets/castle2/images/building28.png",
      "sharpness": 163.86012,
      "transform_matrix": [
        [
          -0.009403560700519474,
          -0.3063468668131358,
          0.9518735053899596,
          3.79347341779959
        ],
        [
          0.9931228134249813,
          -0.1139536777961556,
          -0.02686329785718437,
          -0.10372999130513223
        ],
        [
          0.11669897386672111,
          0.9450746830455597,
          0.305311632579593,
          1.2300515680616877
        ],
        [
          0.0,
          0.0,
          0.0,
          1.0
        ]
      ]
    },
    {
      "file_path": "./datasets/castle2/images/building82.png",
      "sharpness": 155.761326,
      "transform_matrix": [
        [
          -0.24481504656411487,
          0.059567922168931184,
          0.9677382164861164,
          3.8581441921667268
        ],
        [
          0.9363855019384272,
          -0.24436820855364375,
          0.25192532704749404,
          1.0069713672925855
        ],
        [
          0.2514911225855582,
          0.9678511462611626,
          0.004046475656265859,
          0.025905089808554944
        ],
        [
          0.0,
          0.0,
          0.0,
          1.0
        ]
      ]
    },
    {
