{
  "camera_angle_x": 1.2470674405381619,
  "camera_angle_y": 1.2520543183598514,
  "fl_x": 695.1615626468003,
  "fl_y": 691.5175615427963,
  "k1": -0.2612307378042996,
  "k2": 0.001398676953969668,
  "k3": 0,
  "k4": 0,
  "p1": 0.0017642488340941758,
  "p2": -0.0010895674482081506,
  "is_fisheye": false,
  "cx": 500.41346767943844,
  "cy": 499.9894163726897,
  "w": 1000.0,
  "h": 1000.0,
  "aabb_scale": 32,
  "frames": [
    {
      "file_path": "./datasets/castle3/images/building58.png",
      "sharpness": 83.719986,
      "transform_matrix": [
        [
          0.5980425844452557,
          0.7882433349061683,
          -0.1449741776082357,
          -0.54285015387758
        ],
        [
          -0.6406254767047208,
          0.36144502822829294,
          -0.6774632759421424,
          -2.644538964467767
        ],
        [
          -0.4816057161871098,
          0.49802604005133905,
          0.7211282810001202,
          2.9192452445141877
        ],
        [
          0.0,
          0.0,
          0.0,
          1.0
        ]
      ]
    },
    {
      "file_path": "./datasets/castle3/images/building64.png",
      "sharpness": 92.681448,
      "transform_matrix": [
        [
          0.8524613303584545,
          0.49864651137352517,
          -0.1570392847208928,
          -0.6208931523344183
        ],
        [
          -0.39414750633293577,
          0.4156748299257678,
          -0.8196719948260244,
          -3.2353641052631428
        ],
        [
          -0.3434493027225539,
          0.760635321636009,
          0.5508869975145375,
          2.2315407954461035
        ],
        [
          0.0,
          0.0,
          0.0,
          1.0
        ]
      ]
    },
    {
      "file_path": "./datasets/castle3/images/building63.png",
      "sharpness": 86.326794,
      "transform_matrix": [
        [
          0.8185344783930633,
          0.5507584841930959,
          -0.16329849900798774,
          -0.6424574931101911
        ],
        [
          -0.4378955720897214,
          0.41421791655431905,
          -0.7979166533128487,
          -3.140811651102225
        ],
        [
          -0.3718182024554764,
          0.724629981265067,
          0.5802263477868548,
          2.34962160511415
        ],
        [
          0.0,
          0.0,
          0.0,
          1.0
        ]
      ]
    },
    {
      "file_path": "./datasets/castle3/images/building66.png",
      "sharpness": 93.140096,
      "transform_matrix": [
        [
          0.9118846719863727,
          0.38896122902002345,
          -0.1310553597632756,
          -0.523500181165828
        ],
        [
          -0.2972391353991789,
          0.40561423376167804,
          -0.8643645005675773,
          -3.4219994095978836
        ],
        [
          -0.28304635913130155,
          0.8271555209021945,
          0.48548790192448554,
          1.965143165757606
        ],
        [
          0.0,
          0.0,
          0.0,
          1.0
        ]
      ]
    },
    {
      "file_path": "./datasets/castle3/images/building59.png",
      "sharpness": 89.615304,
      "transform_matrix": [
        [
          0.6478577385692802,
          0.7460739826546106,
          -0.1537984492409768,
          -0.5841346352674893
        ],
        [
          -0.6046045052026169,
          0.38079220210139136,
          -0.6996075265402983,
          -2.732874112231332
        ],
        [
          -0.463393723454811,
          0.546233385334716,
          0.6977788660456602,
          2.822001980465851
        ],
        [
          0.0,
          0.0,
          0.0,
          1.0
        ]
      ]
    },
    {
      "file_path": "./datasets/castle3/images/building56.png",
      "sharpness": 77.046628,
      "transform_matrix": [
        [
          0.4903408407789439,
          0.8651889833318325,
          -0.1049470485176771,
          -0.37399769038534414
        ],
        [
          -0.7052036578608265,
          0.32311840046635226,
          -0.6310961101956966,
          -2.456027354292741
        ],
        [
          -0.5121070795141922,
          0.3834612397820422,
          0.7685725839423168,
          3.1050631799213564
        ],
        [
          0.0,
          0.0,
          0.0,
          1.0
        ]
      ]
    },
    {
      "file_path": "./datasets/castle3/images/building57.png",
      "sharpness": 80.507032,
      "transform_matrix": [
        [
          0.5456534132461793,
          0.8281984962334754,
          -0.12786556790843645,
          -0.4697801096522017
        ],
        [
          -0.6735298042112768,
          0.3426331004420446,
          -0.6549505030190854,
          -2.5510272742870796
        ],
        [
          -0.4986180457355143,
          0.44349724839839894,
          0.7447752917635297,
          3.0107998768618907
        ],
        [
          0.0,
          0.0,
          0.0,
          1.0
        ]
      ]
    },
    {
      "file_path": "./datasets/castle3/images/building55.png",
      "sharpness": 73.513158,
      "transform_matrix": [
        [
          0.4342557773399202,
          0.8966682098626599,
          -0.08606997894583908,
          -0.2925974139557747
        ],
        [
          -0.7312124805353398,
          0.2950907267426183,
          -0.615020139007033,
          -2.390853876262207
        ],
        [
          -0.5260705544350711,
          0.3300114913488164,
          0.7837998388782762,
          3.1676388779949685
        ],
        [
          0.0,
          0.0,
          0.0,
          1.0
        ]
      ]
    },
    {
      "file_path": "./datasets/castle3/images/building53.png",
      "sharpness": 77.54667,
      "transform_matrix": [
        [
          0.3161771110478306,
          0.9480207545268781,
          -0.03589823732273657,
          -0.08112141783126715
        ],
        [
          -0.7776292648368511,
          0.2373027183573638,
          -0.582220015469982,
          -2.2566504778529635
        ],
        [
          -0.5434379090655796,
          0.21200016238374061,
          0.8122383703268418,
          3.277381497938655
        ],
        [
          0.0,
          0.0,
          0.0,
          1.0
        ]
      ]
    },
    {
      "file_path": "./datasets/castle3/images/building54.png",
      "sharpness": 74.286392,
      "transform_matrix": [
        [
          0.37649076316726143,
          0.9242643993984311,
          -0.06316664674915273,
          -0.19540321444853306
        ],
        [
          -0.7553335503848466,
          0.2667693654370693,
          -0.5985861119435423,
          -2.3234517745158723
        ],
        [
          -0.5364009069736814,
          0.2730740296618911,
          0.7985641122749843,
          3.2264595061791246
        ],
        [
          0.0,
          0.0,
          0.0,
          1.0
        ]
      ]
    },
    {
      "file_path": "./datasets/castle3/images/building52.png",
      "sharpness": 78.978812,
      "transform_matrix": [
        [
          0.2552824239971194,
          0.9667967272645557,
          -0.011617751755068654,
          0.02243656202834841
        ],
        [
          -0.7952411203321449,
          0.20311856133023176,
          -0.5712568692456781,
          -2.2129076278118958
        ],
        [
          -0.5499294905917362,
          0.15507075222748376,
          0.8206891112185059,
          3.312085163781224
        ],
        [
          0.0,
          0.0,
          0.0,
          1.0
        ]
      ]
    },
    {
      "file_path": "./datasets/castle3/images/building45.png",
      "sharpness": 96.10962,
      "transform_matrix": [
        [
          0.18558624302443377,
          -0.9598287180825151,
          0.21044376529442435,
          0.8648946957371693
        ],
        [
          0.843760170386266,
          0.04589837767385786,
          -0.534754255598784,
          -2.1894949516606728
        ],
        [
          0.5036134642219582,
          0.2768071004994569,
          0.8183833501843422,
          3.2270309794951895
        ],
        [
          0.0,
          0.0,
          0.0,
          1.0
        ]
      ]
    },
    {
      "file_path": "./datasets/castle3/images/building51.png",
      "sharpness": 79.266646,
      "transform_matrix": [
        [
          0.19270276845310697,
          0.9810898028370576,
          0.018122963521301043,
          0.1468158192711112
        ],
        [
          -0.8094946614332106,
          0.16938299663332876,
          -0.5621634936982369,
          -2.175506209556113
        ],
        [
          -0.5546025930637093,
          0.093660019339079,
          0.8268275301632853,
          3.3343544940721013
        ],
        [
          0.0,
          0.0,
          0.0,
          1.0
        ]
      ]
    },
    {
      "file_path": "./datasets/castle3/images/building47.png",
      "sharpness": 90.158748,
      "transform_matrix": [
        [
          0.06167048557211146,
          -0.9865931481563832,
          0.15109834951884868,
          0.6341582238774266
        ],
        [
          0.8530947065213392,
          -0.026479131983301925,
          -0.5210837527298691,
          -2.1375248677625676
        ],
        [
          0.5180986131982726,
          0.16103669019323005,
          0.8400244112554954,
          3.308626107756759
        ],
        [
          0.0,
          0.0,
          0.0,
          1.0
        ]
      ]
    },
    {
      "file_path": "./datasets/castle3/images/building50.png",
      "sharpness": 82.420494,
      "transform_matrix": [
        [
          0.12954154812458432,
          0.9904617974998963,
          0.04695119817324345,
          0.2675106847807247
        ],
        [
          -0.818921764381115,
          0.1335640125587251,
          -0.5581467535124578,
          -2.1576897004921594
        ],
        [
          -0.5590940271751387,
          0.033853836482874655,
          0.8284128117212947,
          3.3387967319615517
        ],
        [
          0.0,
          0.0,
          0.0,
          1.0
        ]
      ]
    },
    {
      "file_path": "./datasets/castle3/images/building46.png",
      "sharpness": 94.672556,
      "transform_matrix": [
        [
          0.12368267875814641,
          -0.9760630836322999,
          0.17889508588152478,
          0.744073927101388
        ],
        [
          0.8505148610874751,
          0.011398857943865312,
          -0.525827478543382,
          -2.1581853477094266
        ],
        [
          0.5112015904948315,
          0.2171886802286442,
          0.8315659992734189,
          3.2808128290011336
        ],
        [
          0.0,
          0.0,
          0.0,
          1.0
        ]
      ]
    },
    {
      "file_path": "./datasets/castle3/images/building49.png",
      "sharpness": 84.561112,
      "transform_matrix": [
        [
          -0.0648225529314914,
          -0.9941528145156602,
          0.08636097515184817,
          0.3823560446323002
        ],
        [
          0.8482753995171741,
          -0.10047704541777917,
          -0.5199357748822968,
          -2.133226194215305
        ],
        [
          0.5255729095892722,
          0.03955432641134305,
          0.8498285545093885,
          3.3442119385299205
        ],
        [
          0.0,
          0.0,
          0.0,
          1.0
        ]
      ]
    },
    {
      "file_path": "./datasets/castle3/images/building5.png",
      "sharpness": 60.546066,
      "transform_matrix": [
        [
          0.42246986494024996,
          0.20516303214029613,
          -0.8828518241854123,
          -3.516633060695708
        ],
        [
          -0.7459391965929947,
          -0.4746108123590686,
          -0.4672465001071972,
          -1.8130320459810756
        ],
        [
          -0.514872730188258,
          0.8559513462376181,
          -0.04746961843120299,
          -0.16261780338257353
        ],
        [
          0.0,
          0.0,
          0.0,
          1.0
        ]
      ]
    },
    {
      "file_path": "./datasets/castle3/images/building44.png",
      "sharpness": 96.231806,
      "transform_matrix": [
        [
          0.2465114646093222,
          -0.9397988311858516,
          0.23666485739335538,
          0.9658652622301138
        ],
        [
          0.8326495411203678,
          0.08042358342206694,
          -0.5479295474656912,
          -2.2359545543433157
        ],
        [
          0.495910112378803,
          0.3321298001563853,
          0.802348400870861,
          3.1601765215357913
        ],
        [
          0.0,
          0.0,
          0.0,
          1.0
        ]
      ]
    },
    {
      "file_path": "./datasets/castle3/images/building48.png",
      "sharpness": 85.7345,
      "transform_matrix": [
        [
          -0.0009717905491476417,
          -0.9931452879855828,
          0.11688238781914818,
          0.5014597924023009
        ],
        [
          0.8534609480952617,
          -0.06173770367443668,
          -0.5174870685395979,
          -2.125089959115852
        ],
        [
          0.5211558939375129,
          0.09925166448125541,
          0.8476707151974742,
          3.338240188914027
        ],
        [
          0.0,
          0.0,
          0.0,
          1.0
        ]
      ]
    },
    {
      "file_path": "./datasets/castle3/images/building43.png",
      "sharpness": 91.356762,
      "transform_matrix": [
        [
          0.30758385283949474,
          -0.9143681469782895,
          0.2632927368368607,
          1.0665800803555991
        ],
        [
          0.8186158749305834,
          0.11323820416078634,
          -0.5630676322738127,
          -2.290647805950768
        ],
        [
          0.4850363108576744,
          0.3887261258725657,
          0.7833465237716888,
          3.0816610374002034
        ],
        [
          0.0,
          0.0,
          0.0,
          1.0
        ]
      ]
    },
    {
      "file_path": "./datasets/castle3/images/building42.png",
      "sharpness": 89.073932,
      "transform_matrix": [
        [
          0.36848620878054755,
          -0.8837375500787052,
          0.2884889192439981,
          1.163800936407021
        ],
        [
          0.8025712490919487,
          0.14580833627078635,
          -0.5784628936148773,
          -2.3505923964937803
        ],
        [
          0.4691452910671256,
          0.4446885108552132,
          0.7629907104771462,
          3.002656843166172
        ],
        [
          0.0,
          0.0,
          0.0,
          1.0
        ]
      ]
    },
    {
      "file_path": "./datasets/castle3/images/building41.png",
      "sharpness": 84.569628,
      "transform_matrix": [
        [
          0.4263572358328406,
          -0.8488501559445194,
          0.3125266712027757,
          1.257175535411827
        ],
        [
          0.7838555845174549,
          0.17428528850612166,
          -0.5959824333950619,
          -2.4214415794156965
        ],
        [
          0.45143098047115876,
          0.4990771994401948,
          0.7396837290094231,
          2.9149803812032595
        ],
        [
          0.0,
          0.0,
          0.0,
          1.0
        ]
      ]
    },
    {
      "file_path": "./datasets/castle3/images/building40.png",
      "sharpness": 82.610766,
      "transform_matrix": [
        [
          0.48225175090447364,
          -0.8111147290946522,
          0.33094734475807747,
          1.3295113137031085
        ],
        [
          0.7604417022152961,
          0.20004021847628609,
          -0.617828721093658,
          -2.507139489849813
        ],
        [
          0.4349271965872252,
          0.549615144697953,
          0.7132752108961385,
          2.8148322606810794
        ],
        [
          0.0,
          0.0,
          0.0,
          1.0
        ]
      ]
    },
    {
      "file_path": "./datasets/castle3/images/building38.png",
      "sharpness": 80.225008,
      "transform_matrix": [
        [
          0.5869961417656745,
          -0.7254873161432309,
          0.35931001054054573,
          1.437412320031727
        ],
        [
          0.7088667403304614,
          0.24618414725381307,
          -0.6609851058674027,
          -2.6737513513011453
        ],
        [
          0.3910798819217085,
          0.6426986228487217,
          0.6587829735474078,
          2.5980253098774617
        ],
        [
          0.0,
          0.0,
          0.0,
          1.0
        ]
      ]
    },
    {
      "file_path": "./datasets/castle3/images/building4.png",
      "sharpness": 58.681752,
      "transform_matrix": [
        [
          0.366416481457775,
          0.18114717444898953,
          -0.9126470639367634,
          -3.6439902127849155
        ],
        [
          -0.7685309346156085,
          -0.4939952806894684,
          -0.40660652390210694,
          -1.570833781171462
        ],
        [
          -0.5244989654372527,
          0.8503848328474983,
          -0.04179080532472239,
          -0.1407687163082516
        ],
        [
          0.0,
          0.0,
          0.0,
          1.0
        ]
      ]
    },
    {
      "file_path": "./datasets/castle3/images/building39.png",
      "sharpness": 84.093418,
      "transform_matrix": [
        [
          0.535744463514099,
          -0.7711756041914165,
          0.3438983241034149,
          1.3794332154126825
        ],
        [
          0.7354932524653984,
          0.2261435120541892,
          -0.6386773736543583,
          -2.5872237129486355
        ],
        [
          0.4147620347089907,
          0.5951027638192682,
          0.6883495878913793,
          2.7146438570499547
        ],
        [
          0.0,
          0.0,
          0.0,
          1.0
        ]
      ]
    },
    {
      "file_path": "./datasets/castle3/images/building37.png",
      "sharpness": 74.533382,
      "transform_matrix": [
        [
          0.6376314957519403,
          -0.6764958121627487,
          0.36848268854662564,
          1.4715720332155002
        ],
        [
          0.6776767770087762,
          0.26514133641438314,
          -0.6858966815138812,
          -2.7719616829570533
        ],
        [
          0.3663062401336498,
          0.6870614877227943,
          0.6275079685699577,
          2.477539503593188
        ],
        [
          0.0,
          0.0,
          0.0,
          1.0
        ]
      ]
    },
    {
      "file_path": "./datasets/castle3/images/building36.png",
      "sharpness": 68.599218,
      "transform_matrix": [
        [
          0.6820997498747634,
          -0.6296887489575914,
          0.3717956571346035,
          1.4845853830726001
        ],
        [
          0.6441036717694594,
          0.27662997386567667,
          -0.713166402501224,
          -2.878928083562111
        ],
        [
          0.34622303687306427,
          0.7259255726735068,
          0.5942740712571425,
          2.348705794879122
        ],
        [
          0.0,
          0.0,
          0.0,
          1.0
        ]
      ]
    },
    {
      "file_path": "./datasets/castle3/images/building35.png",
      "sharpness": 65.894364,
      "transform_matrix": [
        [
          0.7248213818944517,
          -0.5758308054198088,
          0.378223277820568,
          1.5071655010405913
        ],
        [
          0.6126253902893635,
          0.287578226448239,
          -0.7361989506444929,
          -2.9711494702628265
        ],
        [
          0.3151572552617578,
          0.7653219239467345,
          0.5612114194079174,
          2.2199842195702515
        ],
        [
          0.0,
          0.0,
          0.0,
          1.0
        ]
      ]
    },
    {
      "file_path": "./datasets/castle3/images/building20.png",
      "sharpness": 66.429156,
      "transform_matrix": [
        [
          0.9798397535021582,
          0.16941157969770346,
          -0.1058951090858365,
          -0.43228632701590775
        ],
        [
          -0.11533382482771926,
          0.046852110433194566,
          -0.9922212397862318,
          -3.962966062813345
        ],
        [
          -0.1631323582965746,
          0.9844311029731653,
          0.06544644579455955,
          0.2742952721216833
        ],
        [
          0.0,
          0.0,
          0.0,
          1.0
        ]
      ]
    },
    {
      "file_path": "./datasets/castle3/images/building2.png",
      "sharpness": 56.773306,
      "transform_matrix": [
        [
          0.24216677082409244,
          0.12340577038031986,
          -0.9623545453483419,
          -3.830552596326289
        ],
        [
          -0.8063917469980741,
          -0.5259606665871789,
          -0.2703659143844247,
          -1.0185569974508892
        ],
        [
          -0.539525352113805,
          0.8415084034823664,
          -0.027856801441274583,
          -0.08324433511291651
        ],
        [
          0.0,
          0.0,
          0.0,
          1.0
        ]
      ]
    },
    {
      "file_path": "./datasets/castle3/images/building14.png",
      "sharpness": 73.48731,
      "transform_matrix": [
        [
          0.8450033867935404,
          0.2886715857063226,
          -0.4501532982444826,
          -1.7984884173837417
        ],
        [
          -0.41046738294196844,
          -0.18942865406746018,
          -0.8919827984010251,
          -3.5271725312236017
        ],
        [
          -0.3427620222476676,
          0.9385017318635543,
          -0.041577583928163166,
          -0.1429097076987791
        ],
        [
          0.0,
          0.0,
          0.0,
          1.0
        ]
      ]
    },
    {
      "file_path": "./datasets/castle3/images/building16.png",
      "sharpness": 73.25721,
      "transform_matrix": [
        [
          0.9029262367352647,
          0.26639287328099637,
          -0.33728185259116844,
          -1.3507817205525612
        ],
        [
          -0.31965669346164327,
          -0.10834819594854558,
          -0.9413183663587079,
          -3.735079379065086
        ],
        [
          -0.28730438454090623,
          0.9577554518699658,
          -0.012676163790125367,
          -0.03221415965919044
        ],
        [
          0.0,
          0.0,
          0.0,
          1.0
        ]
      ]
    },
    {
      "file_path": "./datasets/castle3/images/building19.png",
      "sharpness": 70.169704,
      "transform_matrix": [
        [
          0.9669137918895472,
          0.19944541888965917,
          -0.15905736054910735,
          -0.6450823663362599
        ],
        [
          -0.16496216517154405,
          0.013237023141214766,
          -0.9862110653225491,
          -3.9315845178313684
        ],
        [
          -0.1945898330745038,
          0.9798195273571076,
          0.04570000837238559,
          0.19445125759977464
        ],
        [
          0.0,
          0.0,
          0.0,
          1.0
        ]
      ]
    },
    {
      "file_path": "./datasets/castle3/images/building17.png",
      "sharpness": 73.069744,
      "transform_matrix": [
        [
          0.9295107582863112,
          0.24943468494711712,
          -0.2716469918524428,
          -1.0956932670221373
        ],
        [
          -0.2641632683860426,
          -0.06367718633677923,
          -0.9623736195782783,
          -3.8294247565545256
        ],
        [
          -0.2573470767189382,
          0.9662957901039259,
          0.006702851867035285,
          0.0418957132800496
        ],
        [
          0.0,
          0.0,
          0.0,
          1.0
        ]
      ]
    },
    {
      "file_path": "./datasets/castle3/images/building12.png",
      "sharpness": 72.432966,
      "transform_matrix": [
        [
          0.7730701829102852,
          0.2958057053642932,
          -0.5611251883280005,
          -2.2430413275750385
        ],
        [
          -0.4974602614013776,
          -0.26613420922944725,
          -0.8256548135199432,
          -3.2617872493779525
        ],
        [
          -0.3935680127750879,
          0.9174266005731643,
          -0.05858883829315244,
          -0.20867267566533387
        ],
        [
          0.0,
          0.0,
          0.0,
          1.0
        ]
      ]
    },
    {
      "file_path": "./datasets/castle3/images/building15.png",
      "sharpness": 73.438964,
      "transform_matrix": [
        [
          0.8771913985925619,
          0.2783849093443579,
          -0.3911995558429247,
          -1.5667867415820145
        ],
        [
          -0.3632918121429752,
          -0.14789916992016633,
          -0.9198613454489547,
          -3.646359681605283
        ],
        [
          -0.3139336068444927,
          0.9490140556773077,
          -0.028600921523979524,
          -0.0931351123826629
        ],
        [
          0.0,
          0.0,
          0.0,
          1.0
        ]
      ]
    },
    {
      "file_path": "./datasets/castle3/images/building11.png",
      "sharpness": 70.545136,
      "transform_matrix": [
        [
          0.7324795129491103,
          0.298415473746137,
          -0.6119002926505643,
          -2.446149946849181
        ],
        [
          -0.538207644554609,
          -0.29658329091277796,
          -0.7889048630720237,
          -3.110915035879821
        ],
        [
          -0.41690082095906567,
          0.9071860650759164,
          -0.05663169525307978,
          -0.202620410305837
        ],
        [
          0.0,
          0.0,
          0.0,
          1.0
        ]
      ]
    },
    {
      "file_path": "./datasets/castle3/images/building13.png",
      "sharpness": 73.797736,
      "transform_matrix": [
        [
          0.8090953140262078,
          0.2943385546837401,
          -0.5086546844910225,
          -2.031768628241423
        ],
        [
          -0.45819949013821054,
          -0.2260262664355323,
          -0.8596309406964477,
          -3.3994747303988304
        ],
        [
          -0.3679918478864658,
          0.928588682999636,
          -0.04801101733572035,
          -0.16868092405220764
        ],
        [
          0.0,
          0.0,
          0.0,
          1.0
        ]
      ]
    },
    {
      "file_path": "./datasets/castle3/images/building1.png",
      "sharpness": 54.87354,
      "transform_matrix": [
        [
          0.17516034276418507,
          0.09293494581198168,
          -0.9801438415746944,
          -3.8926877019527897
        ],
        [
          -0.8219885401113227,
          -0.5341456617688327,
          -0.19754303840822515,
          -0.7252856459920404
        ],
        [
          -0.5418982324565639,
          0.8402687117533503,
          -0.0171696767681151,
          -0.040961732290578916
        ],
        [
          0.0,
          0.0,
          0.0,
          1.0
        ]
      ]
    },
    {
      "file_path": "./datasets/castle3/images/building72.png",
      "sharpness": 74.794926,
      "transform_matrix": [
        [
          0.9962230173714824,
          0.07547432091340399,
          0.04293397895679831,
          0.16059890631937673
        ],
        [
          0.020576759816441165,
          0.2751674012198337,
          -0.9611761016305711,
          -3.8352338051941204
        ],
        [
          -0.08435814496232948,
          0.9584291983647243,
          0.27257508175174794,
          1.0987408068386981
        ],
        [
          0.0,
          0.0,
          0.0,
          1.0
        ]
      ]
    },
    {
      "file_path": "./datasets/castle3/images/building75.png",
      "sharpness": 67.154082,
      "transform_matrix": [
        [
          0.9842028367421382,
          -0.055771714211929814,
          0.16803062830845394,
          0.6645664485790245
        ],
        [
          0.1751860613398387,
          0.16962720861122646,
          -0.9698125870988474,
          -3.8923792472317738
        ],
        [
          0.02558554400565552,
          0.9839289232887343,
          0.1767180068507788,
          0.7088988643561778
        ],
        [
          0.0,
          0.0,
          0.0,
          1.0
        ]
      ]
    },
    {
      "file_path": "./datasets/castle3/images/building18.png",
      "sharpness": 71.111384,
      "transform_matrix": [
        [
          0.9496020595211824,
          0.2276861854846002,
          -0.2154412437295702,
          -0.8719296344348144
        ],
        [
          -0.21540601632903972,
          -0.025311110445881017,
          -0.9761964945140973,
          -3.8909444626885454
        ],
        [
          -0.2277195132339903,
          0.9734055417527059,
          0.02500949158021609,
          0.11421071981236851
        ],
        [
          0.0,
          0.0,
          0.0,
          1.0
        ]
      ]
    },
    {
      "file_path": "./datasets/castle3/images/building76.png",
      "sharpness": 61.832384,
      "transform_matrix": [
        [
          0.9714978300777632,
          -0.09020760719258715,
          0.21921348901454038,
          0.8676428699266576
        ],
        [
          0.22988484679293136,
          0.1329019434625708,
          -0.9641006330893183,
          -3.8706902408308244
        ],
        [
          0.05783531248060242,
          0.987015532359922,
          0.14985131164603008,
          0.5960199070228706
        ],
        [
          0.0,
          0.0,
          0.0,
          1.0
        ]
      ]
    },
    {
      "file_path": "./datasets/castle3/images/building22.png",
      "sharpness": 72.636456,
      "transform_matrix": [
        [
          0.9952072621907079,
          0.09766381526091,
          0.004927928439180516,
          0.00965390484710259
        ],
        [
          -0.0064427244403299656,
          0.11576996486763239,
          -0.9932551568558279,
          -3.974809445195159
        ],
        [
          -0.09757559424838795,
          0.9884629960262952,
          0.11584433082934835,
          0.4735571157177602
        ],
        [
          0.0,
          0.0,
          0.0,
          1.0
        ]
      ]
    },
    {
      "file_path": "./datasets/castle3/images/building91.png",
      "sharpness": 51.980246,
      "transform_matrix": [
        [
          0.3894891950257764,
          -0.16210153119682455,
          0.9066538813400408,
          3.6537941391923567
        ],
        [
          0.7858479137683247,
          -0.4549109055349127,
          -0.41892615642346753,
          -1.7226273338581033
        ],
        [
          0.4803553095817858,
          0.8756592726016441,
          -0.049795732295564596,
          -0.23451276972830282
        ],
        [
          0.0,
          0.0,
          0.0,
          1.0
        ]
      ]
    },
    {
      "file_path": "./datasets/castle3/images/building21.png",
      "sharpness": 68.286436,
      "transform_matrix": [
        [
          0.9894301166730981,
          0.13618828830256835,
          -0.04980757328578969,
          -0.2084102198432892
        ],
        [
          -0.06169332259528809,
          0.08449319877654991,
          -0.9945123595974172,
          -3.968788848606501
        ],
        [
          -0.13123253475910665,
          0.9870732746757195,
          0.09200202352751528,
          0.37726456616922177
        ],
        [
          0.0,
          0.0,
          0.0,
          1.0
        ]
      ]
    },
    {
      "file_path": "./datasets/castle3/images/building74.png",
      "sharpness": 68.833458,
      "transform_matrix": [
        [
          0.9922532526219123,
          -0.012543604861972358,
          0.12359668541447655,
          0.48516520513999173
        ],
        [
          0.12348505777494911,
          0.20848800564419628,
          -0.9701980169497283,
          -3.8895365426103066
        ],
        [
          -0.013598645883810876,
          0.977944481844896,
          0.20842184950419626,
          0.8386679077548149
        ],
        [
          0.0,
          0.0,
          0.0,
          1.0
        ]
      ]
    },
    {
      "file_path": "./datasets/castle3/images/building23.png",
      "sharpness": 71.972022,
      "transform_matrix": [
        [
          0.9966451616648901,
          0.05737097085083736,
          0.05836945640264677,
          0.22168783460942748
        ],
        [
          0.04898429179732194,
          0.1532048009634389,
          -0.9869796493359072,
          -3.9519194007085283
        ],
        [
          -0.06556646164293166,
          0.9865276786568201,
          0.14988054724719072,
          0.6048054891442186
        ],
        [
          0.0,
          0.0,
          0.0,
          1.0
        ]
      ]
    },
    {
      "file_path": "./datasets/castle3/images/building77.png",
      "sharpness": 58.876088,
      "transform_matrix": [
        [
          0.9550680002555797,
          -0.12085922514469152,
          0.2706255024796741,
          1.074173172586341
        ],
        [
          0.28210591944427077,
          0.0906758955233897,
          -0.9550885468216527,
          -3.8410320974464174
        ],
        [
          0.0908920519246226,
          0.9885195646820594,
          0.12069674904167287,
          0.47785583887834276
        ],
        [
          0.0,
          0.0,
          0.0,
          1.0
        ]
      ]
    },
    {
      "file_path": "./datasets/castle3/images/building24.png",
      "sharpness": 71.442932,
      "transform_matrix": [
        [
          0.9941511657354835,
          0.012013764608361274,
          0.10732720593520247,
          0.4171470236067495
        ],
        [
          0.10351719842455888,
          0.17727106422599295,
          -0.9787027942653871,
          -3.9245016167247266
        ],
        [
          -0.030783913008385438,
          0.9840887355006575,
          0.17499060389665091,
          0.7062754798800183
        ],
        [
          0.0,
          0.0,
          0.0,
          1.0
        ]
      ]
    },
    {
      "file_path": "./datasets/castle3/images/building8.png",
      "sharpness": 62.537294,
      "transform_matrix": [
        [
          0.5983093789442008,
          0.25816030452002625,
          -0.7585375035188933,
          -3.018202879779476
        ],
        [
          -0.6461138792149915,
          -0.4044347300560653,
          -0.6472784596250635,
          -2.530820263988879
        ],
        [
          -0.47388051471912535,
          0.8773743821108781,
          -0.07517613635055201,
          -0.2674974311224467
        ],
        [
          0.0,
          0.0,
          0.0,
          1.0
        ]
      ]
    },
    {
      "file_path": "./datasets/castle3/images/building25.png",
      "sharpness": 68.537534,
      "transform_matrix": [
        [
          0.9882376294178702,
          -0.03632049010333578,
          0.14855036118550755,
          0.5834350330992895
        ],
        [
          0.1528627215866134,
          0.20665224313592756,
          -0.9663994199296607,
          -3.872336269649177
        ],
        [
          0.00440183520978731,
          0.9777400843255842,
          0.20977357183709006,
          0.8411378397365564
        ],
        [
          0.0,
          0.0,
          0.0,
          1.0
        ]
      ]
    },
    {
      "file_path": "./datasets/castle3/images/building79.png",
      "sharpness": 53.671908,
      "transform_matrix": [
        [
          0.9128332471880761,
          -0.17656745324804707,
          0.36818391774860904,
          1.469067363348826
        ],
        [
          0.3747233749663943,
          0.004000305100424316,
          -0.9271280331740922,
          -3.7308969736768076
        ],
        [
          0.16222778764835638,
          0.9842804133485091,
          0.0698155634848927,
          0.2692908068596894
        ],
        [
          0.0,
          0.0,
          0.0,
          1.0
        ]
      ]
    },
    {
      "file_path": "./datasets/castle3/images/building27.png",
      "sharpness": 62.705706,
      "transform_matrix": [
        [
          0.964384155963037,
          -0.13687773550115886,
          0.22633533806871364,
          0.8968762994312957
        ],
        [
          0.25462913376677965,
          0.24877521575651232,
          -0.9344917850611861,
          -3.7526280857352994
        ],
        [
          0.07160449682224346,
          0.9588406424638717,
          0.27476793569448504,
          1.099233185091493
        ],
        [
          0.0,
          0.0,
          0.0,
          1.0
        ]
      ]
    },
    {
      "file_path": "./datasets/castle3/images/building80.png",
      "sharpness": 51.289832,
      "transform_matrix": [
        [
          0.8851804642448783,
          -0.1973380230220003,
          0.42132321369244913,
          1.6831262140870804
        ],
        [
          0.42275848077737976,
          -0.03692325418373144,
          -0.9054898896816284,
          -3.6475690910823175
        ],
        [
          0.19424420880885446,
          0.9796399226542907,
          0.0507425795326055,
          0.18859668864141596
        ],
        [
          0.0,
          0.0,
          0.0,
          1.0
        ]
      ]
    },
    {
      "file_path": "./datasets/castle3/images/building26.png",
      "sharpness": 64.494336,
      "transform_matrix": [
        [
          0.978454732439234,
          -0.08553742314591035,
          0.187908716710981,
          0.743040228014196
        ],
        [
          0.20288859909826287,
          0.22977349944071035,
          -0.9518615211232547,
          -3.8254171261616676
        ],
        [
          0.038243338294534364,
          0.9694779462616996,
          0.24217753586943633,
          0.972033948670949
        ],
        [
          0.0,
          0.0,
          0.0,
          1.0
        ]
      ]
    },
    {
      "file_path": "./datasets/castle3/images/building81.png",
      "sharpness": 53.31801,
      "transform_matrix": [
        [
          0.8546091965812974,
          -0.21638964507920386,
          0.4720366962729784,
          1.8858207275226926
        ],
        [
          0.4659207461126453,
          -0.08180415271704088,
          -0.8810368545211065,
          -3.5453511007202994
        ],
        [
          0.22926181424148254,
          0.9728738881208506,
          0.030909843655829168,
          0.10577243585014921
        ],
        [
          0.0,
          0.0,
          0.0,
          1.0
        ]
      ]
    },
    {
      "file_path": "./datasets/castle3/images/building29.png",
      "sharpness": 58.389376,
      "transform_matrix": [
        [
          0.9255835685110743,
          -0.24457767551716686,
          0.2889235510443345,
          1.1468149887268075
        ],
        [
          0.3531175707639548,
          0.28284706195037085,
          -0.891799036133236,
          -3.5834499593933695
        ],
        [
          0.13639295774475865,
          0.927458516740208,
          0.3481632675846139,
          1.3841215631610475
        ],
        [
          0.0,
          0.0,
          0.0,
          1.0
        ]
      ]
    },
    {
      "file_path": "./datasets/castle3/images/building84.png",
      "sharpness": 56.947006,
      "transform_matrix": [
        [
          0.7442345785708172,
          -0.24159441978763907,
          0.6226933662679689,
          2.5016553425051256
        ],
        [
          0.5867983646479047,
          -0.2088075920675018,
          -0.7823471536510367,
          -3.167318044486353
        ],
        [
          0.3190338090656547,
          0.9476452531967006,
          -0.01363461984529819,
          -0.07868963013419156
        ],
        [
          0.0,
          0.0,
          0.0,
          1.0
        ]
      ]
    },
    {
